102643875
102743685
102783654
102853746
103425876
103728654
104835726
123056874
123078654
123450876
123475806
123645807
123670854
123745608
123758604
123785406
123786504
134025876
134062875
134085726
134620875
134720685
134782605
134850726
134860752
135820746
136820754
142063875
142783605
142835706
142860753
162083754
162830754
162853704
203145876
203174685
203185746
203186754
204138765
208143765
234018765
234160875
234168705
234185706
263014875
263140875
263174805
283064175
283145706
283160754
283714605
304182765
402183765
613024875
713024685
801243765
802413765
803714625
812063754
812430765
812463705
812743605
813025746
813026754
813064275
813074625
813245706
813260754
813720654
813740625
814032765
834210765
