012863754
013624875
013724685
013825746
013826754
014832765
023145876
023174685
023185746
023186754
034182765
042183765
083214765
120643875
120743685
120783654
120853746
123405876
123645870
123674085
123674850
123708654
123745680
123785046
123786054
123856074
123856740
130624875
130724685
130825746
130826754
134782065
134805726
134825076
134862075
134862750
140832765
142783065
142835760
142863075
142863750
162803754
230164875
234108765
234185760
263104875
280143765
283145760
283164075
283164750
283714065
810243765
812403765
812743065
813245760
813264075
813264750
813704625
813724650
830214765
