012345687
012345768
012346857
012347865
012354786
012356874
012364758
012436875
012456837
012457863
012463785
012465873
012468753
012473586
012483675
012483756
012543867
012548763
012563487
012563748
012564837
012567843
012573684
012635487
012638754
012648573
012653478
012653784
012674835
012675843
012684753
012687543
012734658
012734865
012735468
012738645
012743568
012748365
012748536
012758463
012763458
012764385
012764538
012764853
012765483
012834756
012835647
012836574
012837654
012845673
012853467
012863547
012864573
012865437
012867453
012874536
012875346
012875463
013246875
013248765
013254687
013254768
013264785
013264857
013265874
013274658
013426785
013427658
013428675
013428756
013456287
013465827
013475862
013482765
013524786
013526748
013528476
013564872
013576284
013586724
013624587
013624758
013627485
013628745
013645872
013652874
013657284
013685427
013685742
013687524
013745682
013745826
013748625
013752684
013756824
013758642
013762548
013764582
013765428
013765842
013784526
013785246
013785462
013786254
013786542
013824576
013826475
013826547
013827645
013842756
013846257
013847265
013854672
013856427
013857624
013862745
013865472
013867542
013874256
013874562
013876452
014275386
014285736
014325867
014326758
014327685
014372865
014376285
014378625
014385276
014523876
014536287
014538762
014562873
014628375
014635278
014638572
014652837
014672385
014682735
014723658
014725836
014736258
014738526
014752386
014752638
014762583
014762835
014782365
014782536
014825763
014826735
014835267
014835672
014852673
014853276
014853762
014856372
014863725
014865732
014872563
014873265
014875623
014876532
015236487
015246837
015324876
015328746
015346872
015432687
015432768
015437862
015472863
015637824
015643827
015736284
015736428
015738462
015738624
015743286
015743628
015782463
015823764
015826743
015834276
015842376
015862734
015872436
016283754
016328754
016342875
016432857
016534827
016572843
016723854
016734285
016734528
016738542
016823745
016832475
016852374
016853724
016854732
016872534
016873254
017423685
017432865
017634825
017652843
017823654
017832645
018234765
018253764
018342765
018425736
018426753
018463275
018523746
018532764
018623475
018632574
018672543
018723564
018724653
018732465
018732546
018735642
018742635
018743652
021354876
021463875
021473685
021485736
021486753
021583746
021683475
021738654
021763854
021783564
021784653
021863574
021864375
021873465
021873546
021874635
021875643
023146785
023147586
023147658
023148675
023154678
023157468
023158476
023165784
023175864
023184576
023184657
023186475
023186547
023187645
023415867
023416758
023417685
023475168
023476185
023478615
023485617
023485761
023486157
023487165
023514876
023518746
023546187
023567184
023578164
023581764
023614785
023615874
023641875
023654187
023658174
023671854
023674158
023678514
023681574
023714865
023741685
023754816
023756184
023765148
023768154
023781465
023781546
023814675
023814756
023815764
023817654
023846751
023851674
023851746
023856714
023865417
023865741
023867514
023871564
023875614
024138657
024153687
024153768
024158736
024163857
024173658
024175836
024176385
024176853
024185376
024186735
024315687
024315768
024316857
024317865
024356187
024361875
024385716
024536178
024637158
024637815
024718653
024731865
024735168
024735681
024736518
024753186
024781635
024813765
024815736
024831756
024835617
024836157
024837165
024853716
024871653
025134687
025134768
025137486
025137648
025137864
025143867
025146738
025146873
025173846
025183764
025186743
025316874
025413876
025418736
025436187
025438176
025734186
025738416
025834716
025836174
025841736
025843176
026134857
026135748
026137584
026143758
026145837
026147853
026154873
026158743
026173485
026183745
026314875
026418753
026453187
026538174
026738514
026783154
026834175
026841753
027136854
027153486
027153648
027163584
027613854
027643815
027843165
028134675
028135476
028135764
028153674
028164735
028165743
028173564
028174653
028345176
028364175
028461753
028473165
028563174
028631754
028653147
028713465
028713546
028731645
028741653
028753416
028753641
028763514
031254786
031264758
031264875
031278654
031642875
031742685
031782654
031825476
031845726
031846752
031852674
031852746
031872564
031874652
032145867
032146758
032147685
032158746
032168754
032174865
032185476
032187654
032475186
032614875
032648175
032748615
032814765
032845176
032851764
032874615
034152786
034156728
034157682
034162758
034165278
034167285
034168572
034168725
034175862
034176258
034176825
034178526
034185267
034185672
034218657
034251768
034256817
034257186
034267158
034267815
034271865
034275681
034276518
034281756
034285617
034285761
034286157
034615287
034618275
034625817
034627185
034671285
034681725
034715268
034718625
034725186
034725618
034761825
034762185
034781265
034781652
034785216
034815627
034825167
034827615
034856271
034862715
034865217
034872651
034875126
034876215
035126748
035127684
035128764
035142687
035142768
035146782
035147862
035164872
035167824
035176284
035176428
035178462
035178624
035184276
035214687
035214768
035217486
035217648
035217864
035241786
035278416
035284716
035421876
035816274
035824176
035826714
035841276
035871426
035871642
036124587
036124758
036142857
036145872
036148752
036154827
036174285
036174528
036174852
036178542
036214857
036215748
036217584
036241875
036254187
036275184
036278514
036412875
036814275
036824715
036851274
036871524
037124685
037142865
037152684
037164825
037216854
038125746
038126754
038162574
038172465
038172546
038175642
038214675
038215764
038245716
038246175
038254176
038257164
038274165
038462175
038612754
038624175
038714652
038721654
038724615
041238765
041273865
041532876
041673285
041682753
041683725
041763825
041782635
041783265
041835762
041852763
041853726
041856273
041875632
042136857
042137865
042153786
042156387
042157683
042163758
042168573
042178365
042178536
042315867
042316758
042317685
042365187
042376185
042378615
042713865
042763185
042781653
042813756
042815376
042835716
042861375
042863715
042871635
043125867
043126758
043127685
043152876
043175826
043185762
043186725
043265178
043267185
043281765
043285167
043625187
043628175
043715286
043728615
043812765
043875216
045126837
045128736
045136287
045163827
045173286
045173628
045182763
045213867
045216738
045231876
045236178
045283176
045316782
045316827
045321786
045326187
045328176
045372186
045386172
045823716
045831726
046128753
046153872
046172853
046182735
046183275
046213758
046215837
046217853
046235187
046283715
046318752
046321875
046823175
047132685
047183625
047283165
048152736
048173652
048256173
048271653
048315276
048325716
048326175
048361275
048632175
048712653
048713625
048732615
051263874
051423876
051834726
051842736
051843276
051862743
051873426
051873642
052136487
052143687
052143768
052146837
052147863
052164873
052178463
052183674
052314876
052318746
052416873
052673184
052813764
053128746
053146872
053164827
053174286
053174628
053182764
053186274
053186742
053214867
053216487
053217684
053217846
053264187
053268174
053284176
053286714
053816724
053824716
053826174
054132876
054273186
054316872
056142873
056183724
056213847
056312874
058132746
058172643
058243176
058314726
061253847
061324875
061382754
061472853
061483275
061732854
061743285
061824735
061825743
061832745
061834275
061834752
061852473
061872543
061873524
062134587
062134758
062143857
062148753
062154837
062157843
062173845
062174385
062174538
062175483
062318754
062415837
062417853
062435187
062483715
062513847
062583174
062713485
062783514
062813574
062814753
062843175
063124785
063125874
063142875
063145827
063174582
063182745
063185247
063185724
063187254
063218574
063245718
063245871
063251874
063254178
063275148
063278154
063285417
063285741
063287514
063415287
063421875
063815427
063815742
063817524
063824751
063825147
063827154
063845217
064123875
064172583
064182375
064183725
064185732
064218753
064235817
064237185
064315827
064317852
064325187
064378215
064381275
064382715
064812735
064821753
064831725
064832175
065132874
065213874
067243185
068143275
068152743
068214735
068215743
068234175
068273514
068314752
068412753
068423175
071253486
071253648
071263584
071324685
071382645
071482653
071623548
071632584
071632845
071642853
071682543
071683245
071683524
071843265
071852643
071863254
072134685
072153846
072163485
072163548
072164835
072165843
072183564
072184653
072415638
072418653
072483165
072513486
072513648
072513864
072614853
072618543
072683415
072813465
072813546
072814635
072815643
072843615
072853164
073145862
073152864
073164285
073164852
073185426
073185642
073186524
073214856
073218465
073218546
073261854
073268514
073285146
073286154
073415268
073415826
073421685
073425186
073516824
073518264
073612548
073615428
073615842
073681254
073682514
073814652
073821654
074138625
074162853
074182635
074213865
074235618
074315286
074315628
074318652
074326185
074328615
074381625
074382165
074612835
074631825
074812653
076253184
078123654
078132645
078231654
078263154
078312654
078423615
078431625
078613254
078643215
081235476
081253674
081264735
081265743
081273564
081274653
081325746
081326754
081345276
081352476
081435726
081436752
081453762
081462375
081472635
081473265
081523764
081532674
081542763
081543726
081563274
081623574
081624375
081624753
081642735
081643752
081653247
081672453
081673542
081725643
081732456
081734265
081745632
081752463
081752634
081753264
081754236
081763245
082143756
082145763
082163745
082167543
082314675
082315764
082345716
082413576
082453716
082456173
082463751
082471653
082514763
082516473
082516734
082543176
082614573
082615437
082617453
082634175
082673514
082714536
082715346
082715463
082734615
082741635
082743165
082751643
082763415
083125476
083127654
083142765
083154276
083154762
083164725
083174265
083246157
083247165
083256417
083257614
083261574
083271465
083271546
083415627
083416257
083417265
083426751
083461752
083521746
083615472
083617542
083621475
083624715
083674125
083714256
083714562
083716452
083721564
083724651
083725614
083745162
083752164
083754612
083761254
083762514
084135762
084152763
084215376
084235167
084237615
084251736
084253176
084261375
084271635
084356172
084371652
084375216
084512736
084635217
084712563
084713265
084715623
084716532
084721653
084732651
084735126
085234176
085236714
085243716
085316724
085341726
085342176
085413726
085421736
085431276
085712436
085731426
085731642
086172543
086234715
086251743
086273154
086314725
086352174
086421753
086512743
086712534
086731524
087132654
087213654
087243615
120345687
120345768
120346857
120347865
120354867
120356874
120374685
120374856
120385746
120386754
120437685
120456837
120457863
120458736
120465873
120473658
120476853
120483756
120534876
120538746
120543786
120548763
120564837
120567843
120573468
120583476
120583647
120638475
120643587
120643758
120648573
120658743
120674835
120675843
120683745
120684375
120687543
120734865
120736854
120738564
120748365
120748536
120753864
120754836
120758463
120763845
120764385
120764538
120765483
120834675
120834756
120835764
120836745
120837654
120843576
120843657
120856473
120873456
120875634
120876543
123406578
123407586
123476580
123486075
123486750
123504678
123507468
123508647
123546078
123546780
123608457
123648075
123648750
123654078
123654780
123658047
123685740
123687045
123687450
123704856
123746085
123754860
123804576
123804657
123805674
123807456
123854670
123874056
123875064
123876045
123876450
124305678
124307856
124356078
124357860
124365087
124375680
124387065
124387650
124536870
124573086
124573860
124607835
124608753
124635078
124637850
124673058
124678350
124685370
124703865
124705683
124706385
124706538
124736580
124753068
124753680
124756830
124768053
124785063
124786035
124803756
124805376
124805637
124805763
124807653
124835670
124837056
124853760
124865073
124873065
124873650
124875036
125306784
125306847
125346087
125348076
125348760
125374086
125374860
125386740
125403786
125406873
125603874
125604837
125647830
125704386
125704638
125708436
125708643
125736084
125738460
125743086
125746380
125748630
125783640
125784360
125786043
125803476
125803764
125836047
125836470
125863074
126304785
126305874
126358074
126358740
126384750
126405837
126407853
126435087
126503847
126504873
126543870
126703485
126704583
126708534
126734085
126734850
126738540
126743580
126753084
126753840
126783045
126784530
126803574
126805734
126835074
126835740
126853047
126873540
127435680
127483065
127483650
127603845
127604853
127643850
127683054
127803654
128305476
128307654
128456073
128456730
128503674
128536740
128543076
128543760
128573064
128604735
128605743
128634075
128635470
128637054
128673450
128674053
128703456
128705634
128706543
128734560
128735064
128745036
128746053
128753460
128754063
128754630
130248765
130264785
130265487
130275846
130276854
130284675
130426785
130427658
130428675
130428756
130475286
130482765
130485726
130524786
130526748
130528476
130546827
130564287
130574826
130576842
130584762
130624587
130624758
130627485
130628745
130645287
130645872
130647825
130654278
130657842
130674528
130675824
130678542
130682754
130684572
130745268
130745682
130746285
130746528
130758264
130762854
130764258
130765284
130765428
130768524
130785246
130785624
130786254
130824657
130826475
130826547
130827645
130845627
130852476
130854267
130854672
130862574
130862745
130865247
130867254
130872465
130872546
130874256
132405786
132406875
132468075
132468750
132485076
132485760
132504876
132608754
132687054
132704658
132708645
132745086
132748650
132804675
132805764
132846075
132854076
132854760
132856470
132857064
132857640
132874065
132875046
132875460
134206785
134207658
134208675
134208756
134257068
134258076
134276058
134278650
134286750
134502867
134506728
134507682
134507826
134527860
134562087
134567280
134568072
134568720
134578026
134582760
134586027
134586270
134607285
134607528
134608725
134658270
134682570
134685072
134685720
134687250
134702568
134705862
134706825
134728056
134728560
134762058
134765820
134802657
134806527
134807256
134807562
134826570
134852670
134857260
134867520
135204867
135206748
135207684
135207846
135208764
135264087
135267480
135284076
135286047
135286470
135407628
135408726
135427068
135428076
135462078
135462780
135467082
135476028
135478062
135482067
135482670
135602478
135604872
135628470
135672480
135674820
135678024
135704682
135708246
135748026
135764280
135768042
135768420
135784620
135802467
135806247
135807426
135807642
135827460
135847062
135862470
135867024
135872640
135874026
135874260
135876420
136204587
136204758
136205847
136207854
136245087
136405872
136407825
136427085
136452087
136452870
136502487
136507842
136527480
136547820
136574028
136578042
136702458
136705482
136708254
136728450
136745280
136748052
136748520
136785420
136802475
136805274
136807524
136842057
136854027
136854270
136874520
137204685
137405826
137425086
137462085
137462850
137502684
137502846
137524680
137526840
137602548
137605842
137628540
137645820
137802564
137802645
137824560
137842065
137862540
137864025
138245760
138264075
138264750
138472065
138504726
138524076
138562074
138562740
138572046
138604275
138604527
138604752
138607542
138624057
138674250
138675042
138705426
138706524
138725046
138726054
138742056
138742560
138745062
138754026
138762045
138762450
138764052
140265837
140275863
140283765
140325867
140326758
140327685
140352687
140352768
140362857
140365872
140368275
140523876
140536287
140538762
140572836
140582763
140628375
140635278
140638572
140672538
140682573
140723658
140725836
140736258
140738526
140785263
140825376
140826735
140835267
140835672
140853762
140856723
140863725
140873265
140873652
140875236
142357680
142358760
142365078
142365780
142367085
142367850
142378065
142385067
142385670
142503867
142506387
142507683
142507836
142563087
142568073
142568730
142578036
142583760
142605378
142607538
142675380
142683570
142703568
142706358
142738056
142738560
142756038
142763058
142768035
142768350
142803576
142805367
142806375
142807563
142807635
142836057
142837065
142865370
142867530
142875630
143205786
143206875
143268075
143268750
143285760
143605287
143705268
143705826
143708625
143725086
143728650
143785062
143786025
143805627
143806257
143807265
143826075
143826750
143852760
143856027
143865072
143865720
145203687
145203768
145207863
145237680
145238760
145267830
145302786
145306287
145326780
145362870
145376082
145376820
145607832
145623087
145623870
145637082
145673028
145706238
145706382
145708263
145708632
145723068
145723680
145736028
145738062
145782063
145786320
145826037
145862073
145863027
146203857
146237850
146283075
146302875
146325870
146503872
146532870
146703582
146732580
146782035
146783520
146805723
146825730
146835270
146873025
146873250
147203865
147235860
147603852
147632850
147683025
147823065
147823650
147835620
148305726
148325076
148362075
148362750
148602753
148673052
148702635
148703265
148725630
148735260
148753062
148753620
148762053
150236487
150246837
150273864
150324876
150328746
150346872
150362874
150432687
150432768
150437862
150462837
150637824
150642873
150643827
150728643
150736284
150736428
150738462
150738624
150742683
150743286
150743628
150783264
150832674
150834276
150863274
150863742
152304786
152306487
152364870
152376084
152376840
152437680
152438760
152463078
152463780
152467083
152467830
152478063
152483067
152483670
152603478
152604873
152607834
152637084
152673480
152683074
152703864
152704683
152706384
152706438
152708634
152736048
152738064
152768043
152768430
152784630
152786340
152803467
152806473
152834670
152846037
152847063
152863470
152873064
152873640
153204687
153204768
153206847
153207864
153246087
153286074
153406872
153624087
153624870
153647820
153674028
153708264
153708642
153724068
153724680
153746280
153748620
153782064
153786042
153862074
153862740
153864027
153864270
153876024
153876240
154326870
154372086
154372860
154602837
154702386
154702638
154782360
154803276
154803762
154806723
154826073
156203874
156234870
156402873
156403827
156437820
156702483
156782430
156783024
156804732
156823074
156834072
157602843
158672043
158723640
158742063
158742630
160243785
160283754
160328754
160372854
160432857
160452873
160524873
160534827
160542837
160543872
160723854
160724583
160734285
160734528
160738542
160742385
160742538
160743582
160743825
160752483
160782354
160782435
160783524
160784532
160823745
160824375
160853247
160872453
162304587
162304758
162305847
162307854
162345087
162403785
162408753
162437850
162453087
162453870
162475083
162475830
162483750
162503487
162503748
162508473
162547083
162547830
162574038
162578430
162703458
162703845
162708354
162708435
162745380
162753480
162803547
162805437
162807453
162835047
162843057
162854037
162857043
163204857
163205874
163208754
163245780
163285047
163287054
163402875
163405827
163425870
163542870
163574082
163574820
163702854
163708524
163724085
163724850
163728054
163742580
163745820
163782045
163785024
163802574
163825074
163825740
163857024
163857240
164203875
164235870
164308275
164382075
164523870
164572083
164572830
164708532
164723580
164783025
164785032
164825370
164835072
164872035
164872350
165802734
165803742
165832740
168302754
168732054
170243865
170423685
170462853
170532684
170532846
170624853
170632548
170634825
170642835
170643285
170643852
170683254
170824635
170832564
170842653
170853426
170853642
170862543
170863524
172304685
172405836
172406853
172435086
172534680
172536840
172543086
172543860
172563048
172583064
172583640
172603485
172638540
172643058
172643580
172645083
172645830
172683450
172684053
172803456
172805634
172806543
172834560
172835064
172853046
172854063
172854630
172864035
172865043
173245860
173264085
173264850
173405286
173405862
173485026
173502864
173586024
173602584
173608254
173642850
173645280
173654082
173654820
173682540
173685042
173802465
173802546
173825046
173825460
173826054
173826540
173856420
173864052
173864520
174302865
174623850
174652083
174652830
174682035
174803652
174805236
174825630
174832065
174832650
174862053
175402863
176502843
176803254
178203654
178403625
178602543
178643025
180234765
180273654
180342765
180425736
180426753
180523746
180562743
180623475
180643725
180723564
180726543
180735642
180742563
180743265
180753624
180754632
180762453
182345760
182364075
182364750
182403675
182403756
182405763
182473650
182503476
182504736
182506743
182534076
182567043
182573460
182603745
182604375
182604537
182605473
182634057
182647053
182647530
182674350
182675430
182704563
182705436
182706453
182706534
182735046
182736054
183274065
183405726
183425076
183462075
183462750
183504762
183602754
183604572
183624075
183624750
183645720
183674520
183702645
183704526
183705462
183705624
183706542
183725640
183742065
183745260
183764025
183764250
184235076
184305276
184502763
184602573
184672530
184702365
184702536
184703625
184705632
184723065
184735620
185702463
186572043
186723540
186742053
186742530
210374865
210463875
210473685
210485736
210486753
210543876
210583746
210683475
210743658
210758643
210783564
210784653
210834765
210836754
210853764
210854736
213405786
213406875
213468075
213468750
213485076
213546870
213574086
213574860
213608754
213674058
213684750
213704865
213708645
213748065
213748650
213754068
213754680
213785640
213804756
213805476
213807654
213854760
213874065
213874650
214305687
214305768
214306857
214307865
214356087
214635087
214705386
214708653
214735068
214785036
214803765
214836057
214837065
214856730
215306874
215403876
215836074
215843076
216304875
216783054
216834075
216834750
216853074
216853740
217603854
218304765
218503764
218603574
218673540
218703465
218703546
218704635
218705643
218734065
230148675
230148756
230157846
230158647
230164587
230165478
230167485
230167548
230168745
230174568
230176458
230176845
230185467
230187564
230415786
230416875
230468175
230475168
230485617
230485761
230486157
230487165
230514876
230546187
230564178
230567184
230578164
230581764
230614857
230618754
230671854
230678514
230681574
230714586
230715468
230716548
230754168
230754681
230756184
230764518
230765148
230768154
230781465
230781546
230784156
230814675
230815476
230815764
230846175
230854617
230856714
230861475
230864157
230865174
230865417
230865741
230867514
230871645
231678054
231704685
231758064
231758640
231784065
231804765
231806754
231845760
231864750
234158067
234167058
234186057
234501768
234506817
234507186
234568170
234576018
234576180
234601578
234601857
234605718
234615780
234618057
234657018
234671580
234675081
234675810
234701586
234706851
234708156
234756081
234758160
234761085
234761850
234765018
234768510
234781056
234801675
234805761
234807516
234817560
234851076
234851760
234857610
234865071
234867015
234867150
234871065
235106478
235108674
235147068
235164078
235167084
235176048
235178064
235184067
235184670
235187046
235187460
235417086
235467180
235478016
235478160
235486017
235608147
235614087
235617048
235687140
235701468
235706814
235708641
235714068
235716840
235746180
235781640
235784016
235784160
235786410
235801764
235806417
235816470
235817064
235846710
235864170
235876014
235876140
236104578
236105487
236107845
236145078
236147850
236157480
236174058
236187054
236187540
236504187
236517084
236578014
236578140
236584170
236701548
236704815
236705184
236714850
236715048
236784510
236805714
236814057
236815740
236845170
236874015
236874150
237104865
237105684
237145860
237154680
237156084
237156840
237164085
237608154
237684150
237816054
238104756
238105647
238106574
238107465
238107546
238145670
238154076
238164570
238165074
238165740
238175460
238176540
238415760
238461075
238461750
238507164
238601754
238607514
238614075
238617540
238701645
238704165
238715064
238741065
240138657
240156837
240163785
240165738
240168375
240178635
240183675
240185763
240187653
240358176
240375186
240385716
240536178
240563187
240637158
240637815
240678153
240731865
240735168
240735681
240736518
240781635
240783165
240815736
240816753
240831756
240835617
240836157
240837165
241308765
241385760
241503876
241703658
241738650
241853076
243106785
243107658
243108675
243108756
243157068
243158076
243567180
243586017
243586170
243605178
243605817
243607185
243615870
243705618
243706158
243708165
243715680
243756018
243781065
243805167
243806517
243806751
243807615
243816570
243817650
243856071
243861075
243861750
245103678
245107836
245108763
245137086
245138670
245163087
245163870
245168730
245301876
245306178
245316870
245603187
245637180
245703816
245713860
245716038
245736810
245806137
245813067
245836017
245873016
245873160
246108735
246138075
246153078
246153780
246157083
246157830
246305187
246713058
246735180
246783015
246783150
246801753
246815037
246817053
246835710
247103856
247105638
247108653
247135068
247136850
247603815
247613850
247803165
248356170
248375016
248375160
248506173
248605137
248607153
248635017
248671053
248705316
248705631
248706513
248715360
248716530
248735061
248751063
248751630
250134687
250134768
250137486
250137648
250137864
250143867
250146738
250148763
250163487
250163748
250173684
250174863
250184736
250436187
250438176
250734186
250738416
250763184
250813746
250834716
250836174
250843176
250863714
251304876
251803764
253104678
253106748
253146078
253147086
253147860
253167480
253174680
253186047
253186470
253187064
253187640
253416087
253604187
253608174
253617084
253704816
253708614
253714860
253718640
253764180
253786014
253786140
253801746
253814067
253817046
253846170
253864710
253874016
253874160
254103687
254103768
254106837
254107863
254108736
254136087
254703186
254803716
254813760
256103784
256108743
256134780
256137840
256143087
256143870
256403187
256813047
257103486
257103648
258104763
258106734
258136074
258436170
258473016
258473160
258603147
258703416
258703641
258713460
260134857
260135748
260137584
260145837
260147853
260148735
260153784
260183574
260184753
260431875
260483175
260538174
260573184
260718543
260738514
260753148
260813475
260813547
260834175
260853417
260853741
260873514
261435870
261473085
261473850
261703854
261803745
261843750
261873054
263104587
263105478
263105784
263107485
263107548
263108745
263148075
263175048
263178054
263178540
263184570
263405718
263405871
263407158
263408175
263457018
263501874
263504178
263518074
263574180
263587014
263587140
263701584
263704518
263714580
263758014
263758140
263781540
263785041
263801475
263801547
263857410
263874510
264103785
264103857
264108375
264135780
264158073
264158730
264183750
264301875
264718053
264831075
265134870
265173084
265173840
265813074
267103584
268103475
268145073
268145730
268304175
268401753
268534170
268573014
268573140
268701543
268714035
268715043
268734510
270134865
270143856
270156843
270183465
270183546
270431685
270453168
270583164
270613548
270638154
270683514
270831654
270863154
271435680
271483065
271483650
271603845
271643850
271683054
271834650
271853064
271853640
273104568
273105864
273106458
273146850
273148056
273148560
273154086
273154860
273156048
273164058
273168045
273168450
273405816
273415860
273418065
273458160
273465018
273465180
273506814
273516840
273518046
273568014
273568140
273584160
273601548
273604158
273605418
273605841
273615480
273645081
273651084
273651840
273684510
273801645
273805146
273806154
273814056
273845016
273861054
274106853
274108635
274135860
274163085
274163850
274301685
274305186
274631085
274813065
275103846
276104835
276105843
276134085
276503184
276803514
276813540
278103645
278163054
278403165
278634150
278653014
278653140
280134675
280135764
280163475
280164735
280165743
280173645
280345176
280354716
280364751
280451736
280453617
280453761
280463157
280513764
280531746
280573146
280613574
280631475
280651743
280673541
280714635
280731564
280734651
280761543
281305476
281456073
281456730
281503674
281536740
281543076
281543760
281573064
281604735
281605743
281634075
281635470
281673450
281674053
281703456
281705634
281706543
281734560
281735064
281745036
281746053
281753460
281754063
281754630
283104657
283105467
283107564
283146057
283147065
283165470
283167540
283415067
283415670
283451760
283457610
283465071
283465710
283467015
283467150
283471065
283504167
283504716
283506417
283507146
283507614
283514760
283561074
283561740
283564017
283571046
283604751
283605471
283607541
283614570
283675410
283704561
283706451
283741056
283741560
283754016
283756041
283761045
283761450
283764051
284136075
284306175
284306751
284315076
284356710
284601375
284601753
284671035
284703651
284705136
284715630
284735160
284736051
284761053
285103764
285104736
285146730
285301746
285731046
286104753
286143075
286143750
286301754
286403175
286703154
286731054
287134650
287153064
287153640
287613054
310245876
310254867
310274685
310274856
310285746
310286754
310452876
310684275
310724658
310784625
310854276
310862475
310862754
310872645
312456870
312475086
312475860
312604875
312784065
312804765
312805746
312845760
312864075
314205678
314207856
314256078
314257860
314265087
314275680
314287065
314287650
314502876
314627085
314678025
314678250
314685270
314702658
314705826
314706285
314725860
314726058
314785620
314805762
314806725
314825067
314826750
314852076
314856270
314875026
314875260
315206784
315206847
315246870
315248076
315248760
315274086
315274860
315286740
315728046
315824076
316204785
316205874
316258074
316258740
316284750
316728054
318207654
318402765
318704652
320145867
320146758
320147685
320154687
320154768
320158746
320164857
320165874
320168754
320415876
320648175
320748615
320754186
320845176
320854716
320864751
320871654
324157680
324158760
324165078
324165780
324167085
324167850
324185067
324185670
324506187
324601875
324615087
324701685
324715068
324756180
324781650
324785016
324785160
324806175
324806751
324816057
324817065
324856710
325104786
325106487
325146780
325164870
325176084
325176840
325801746
325816074
326145870
326174085
326174850
326801754
326814075
327104685
328105746
328106754
328145076
328604175
328704615
328714650
340126857
340127865
340152867
340156287
340158762
340165782
340167852
340172856
340175862
340176582
340178265
340186275
340187625
340215678
340217856
340256178
340258716
340268751
340271658
340275168
340275816
340286715
340287165
340618275
340621875
340712658
340718625
340721685
340725186
340762185
340781652
340785216
340815762
340826175
340826751
340852176
340862715
340875612
341782065
341805726
341806275
341807625
341825076
341862075
341862750
341865270
341875620
342105678
342107856
342156078
342157860
342175068
342187065
342187650
342605187
342617085
342678015
342678150
342685170
342701658
342705816
342706185
342715860
342716058
342785610
342806715
342815067
342816750
342856170
342875016
342875160
345102687
345102768
345107286
345107628
345107862
345127680
345162780
345167820
345176280
345178620
345201867
345206187
345206718
345216078
345217860
345267180
345278016
345278160
345281076
345281760
345286017
345702186
345708216
345716082
345718260
345721086
345801276
345802716
345806172
345812760
345816027
345816270
345826710
346102785
346105872
346152870
346158072
346158720
346182075
346201758
346205817
346207185
346215087
346218750
346271085
346271850
346275180
346718052
346821075
347201685
347215680
348105276
348107652
348126075
348172650
348205167
348206751
348207615
348256710
348265017
348275610
348276015
348276150
348601275
348701625
348721650
348725016
350126487
350146782
350146827
350162847
350164872
350172486
350172648
350184762
350216784
350216847
350241786
350246187
350248176
350274186
350286174
350821746
351204786
352106784
352146870
352148076
352148760
352174086
352174860
352186074
352718046
352814076
354102786
354106287
354108762
354162870
354176082
354176820
354201876
354206178
354216870
354816072
356108724
356124870
356172084
356172840
356184720
356208174
356812074
358102764
358124076
358124760
358146720
358201746
358204176
358216740
358714026
360148752
360154827
360172584
360185742
360214785
360215874
360241875
360254187
360258174
360274158
360724185
360814275
360814752
360821754
360824715
361204758
361204875
361802475
361802754
362104785
362105874
362154870
362158074
362158740
362184075
362718054
364102758
364108725
364128750
364157082
364157820
364185720
364207158
364257180
364281075
364285017
364708215
364725180
364782015
364782150
364801752
364815027
364815270
364817052
364825710
364871025
364871250
365102847
367102854
368142750
368154072
368154720
368201754
368214750
368714052
370128654
370154286
370154628
370162854
370184652
370264185
370284615
370814625
371802645
372104865
372801654
374106582
374108265
374125068
374126085
374156280
374158062
374158620
374185026
374185260
374201658
374205168
374205816
374215086
374218065
374218650
374265180
374285610
374286015
374286150
374602815
374612850
374615028
374618052
374628015
374681025
374802165
374805612
374815620
374821065
374821650
375102486
375102648
375204186
376102584
376104852
378104625
378124650
378152064
378152640
378612054
380145762
380146725
380152764
380156742
380165724
380174625
380217654
380245716
380246175
380274165
380412765
380674152
380714265
380754216
381245760
381264075
381264750
381504726
381604752
381704625
381724650
381754026
381764052
382105476
382107654
382174650
382401765
382415076
382741065
384106275
384107625
384206157
384206715
384207165
384256017
384506172
384605127
384607152
384625017
384671052
384701265
384705621
384706512
384716520
384725061
384751062
384751620
384756210
385104762
385126074
385164720
385206174
385402176
385702416
385712460
385716024
386105742
386124075
386145720
386204175
386502174
386702514
386712540
386714025
410236875
410253687
410253768
410263857
410268753
410325876
410572863
410623875
410682753
410723685
410732865
410753286
410782635
410825736
410826753
410832756
410835276
410852763
410872653
412305786
412306875
412368075
412368750
412385760
412503687
412503768
412506837
412507863
412536087
412603857
412653087
412703586
412735860
412738065
412753068
412763085
412763850
412783056
412803675
412805763
412836750
412863057
412873650
413257680
413258760
413265078
413265780
413267085
413267850
413285067
413285670
413506287
413605827
413625870
413705628
413725680
413756280
413782065
413785260
413806275
413806527
413806752
413807625
413826570
413827650
413856072
413862075
413862750
413865270
413875620
415203786
415306827
415308726
415326870
415372086
415372860
415802736
415832760
415836027
416235870
416273085
416273850
416823075
417203685
418205736
418206753
418235076
418603275
418702653
418703625
418723650
420135687
420135768
420153867
420158763
420165837
420167853
420173856
420175386
420175638
420176583
420315786
420316875
420368175
420385176
420713658
420713865
420763185
420781653
420813756
420853176
420861753
420863715
421603875
421703685
421783650
421805736
421806753
421835076
423105678
423107856
423156078
423157860
423175068
423187065
423187650
423501876
423516870
423605187
423617085
423678015
423678150
423685170
423701658
423705816
423706185
423715860
423716058
423785610
423806715
423815067
423816750
423856170
423875016
423875160
425106783
425106837
425136087
425138076
425138760
425173086
425173860
425186073
425718036
425813076
426103785
426105873
426153870
426158073
426158730
426183075
426718053
428107653
428153076
428173650
428301765
428315760
428503176
428731065
430125867
430126758
430127685
430168752
430172865
430185276
430215687
430215768
430216857
430217865
430256187
430281765
430285716
430628175
430715286
430728615
430812765
430825176
431208765
431502876
431805276
432105687
432105768
432106857
432107865
432156087
432705186
432801765
432805716
432815760
435102786
435106872
435126780
435206817
435207186
435216087
435271086
435271860
435276180
435801726
435816720
435821076
436125870
436172085
436172850
436812075
437102685
438105726
438106752
438125076
438205176
438602175
438702615
438712650
450123876
450128736
450136872
450162873
450186732
450213786
450231876
450312876
450318726
451236870
451273086
451273860
451803726
451823076
452103786
452108763
452163870
452176083
452176830
452816073
453102876
453108726
453186720
453206187
458102736
460128753
460152837
460183752
460238175
460273185
460732185
460812753
460831275
460832715
461283075
461302875
461832075
461835270
461873025
461873250
462103758
462157083
462157830
462305187
462308175
462735180
462783015
462783150
462801753
462815037
462817053
462835710
463201875
463215870
468123075
468123750
468152073
468152730
468235170
468273015
468273150
468712053
470182653
470213685
470253186
470831625
471203865
471302685
471632085
471683025
471802653
471823065
471823650
471835620
472105386
472105638
472106583
472135068
472158063
472158630
472603815
472613850
472618053
472803165
473125086
473256180
473285016
473285160
476102853
476203185
478203615
480135726
480153276
480215736
480216753
480235176
480273615
480352176
480361752
480621753
480672153
480721635
480731652
481253076
481305726
481306752
481325076
481502736
481503276
481602375
481623750
481652073
481652730
481672035
481702563
481703652
481725630
481752036
481762530
482356170
482375016
482375160
482506173
482605137
482607153
482635017
482671053
482705316
482705631
482706513
482715360
482716530
482735061
482751063
482751630
483105762
483156270
483175026
483175260
483205716
483206175
483261075
483261750
483265170
483701625
483715062
483721650
483725016
485106732
485123076
485123760
485136720
485713026
486103752
510273846
510283764
510632874
510823746
510863724
512406873
512634870
512673084
512673840
512703846
512783064
512803764
512846073
512863740
512873046
513204786
513204867
513206487
513207684
513207846
513264087
513268074
513268740
513284760
513426087
513627084
513706284
513708624
513728640
513786024
513802746
513824067
513827046
513864720
514203876
514306872
514836072
516302874
516832074
518203746
520136874
520163847
520173486
520173648
520184763
520186734
520613874
521803746
523104876
523106784
523146870
523148076
523148760
523186074
523718046
523806174
530124876
530128746
530214786
530218764
530276184
530816724
532106874
534108726
534186720
536201874
536214870
538102746
540132876
540182736
540213876
542136870
542173086
542173860
542813076
560182743
561203874
562103847
572103486
572103648
573206184
580142763
580143726
580213746
581302746
581732046
582103674
582104763
582106734
582136074
582403176
582613074
582703416
582713460
583102764
583106274
583124076
583124760
583146720
583216074
583712064
583714026
584102736
586102743
610238754
610283574
610354827
610374852
610382754
610452837
610453287
610483275
610532847
610732485
610752843
610783254
610823475
610823547
610824735
610832574
610834752
610853274
610853427
610853742
610872543
610873524
612305487
612457083
612457830
612503784
612537840
612543087
612543870
612573048
612583074
612703548
612704835
612705843
612734085
612735480
612783450
612784053
612803457
612805734
612807543
612834570
612835074
612845037
612847053
612853470
612854073
612854730
613204758
613205478
613207548
613278054
613278540
613284570
613405872
613425078
613457280
613485027
613485270
613502874
613504827
613507284
613508724
613527048
613528740
613587024
613702584
613704852
613705248
613708254
613745028
613782540
613785042
613802475
613802547
613854027
613857420
613874052
613874520
614307852
614325087
614357820
614702385
614702853
614782035
614803752
614805237
614825730
614835270
614837052
614872053
615302847
615832047
617302854
617832054
618234750
618253074
618253740
618723054
620143785
620145873
620153748
620178543
620183475
620384175
620415837
620417853
620438175
620473185
620513847
620583174
620713485
620783514
620813574
620814753
620831754
620873154
621304875
621783054
621834750
621853074
621853740
623104857
623105748
623107584
623145780
623154087
623174580
623175084
623175840
623185047
623187054
623405817
623415087
623471085
623471850
623508174
623701854
623704815
623708514
623714085
623714850
623718540
623801745
623805147
623807154
623815074
623815740
623841075
623845017
624103875
624108735
624135087
624135870
624138750
624185730
624305187
624378015
624378150
624385170
625108743
625183740
628103745
628143750
628173054
628435170
628473015
628473150
628703154
630124785
630125874
630142875
630154872
630174825
630214758
630218574
630254817
630257184
630274851
630281754
630415287
630421875
630815427
630815742
630817524
630874215
631425870
631472085
631472850
631702854
631802745
631842075
632145870
632174085
632174850
632801754
632814075
632814750
634105287
634108275
634108752
634127085
634182075
634182750
634185270
634205178
634207851
634208715
634257810
634275018
634285710
634287015
634287150
634701285
634715280
634781025
634802175
634805712
634815072
634821750
634825017
634825170
635102874
635201847
635204187
635217840
635247180
637201854
637214850
638124750
638152074
638152740
638712054
640152873
640235817
640237185
640253187
640271853
640315827
640328175
640372185
640812735
640831725
641205837
641207853
641235087
641703285
641783025
641802753
641823750
641835720
642105873
642108753
642183075
642183750
642301875
642315870
642803175
643125087
643257180
643285017
643285170
647203185
648103275
650172843
651203847
651803274
652104837
652107843
652134087
652703184
652803714
652813740
653104872
653207184
654102873
658102743
658203174
670132584
670143825
670231854
670283154
671234850
671253084
671253840
671402853
671403825
671823054
671843025
672103845
672108543
672134580
672183054
672183540
672403185
672513084
672813045
673102854
673108524
673124850
673145820
673205148
673208154
673245018
673518024
673804215
673812054
673814250
674302185
680124753
680132475
680142735
680143752
680173254
680243715
680253174
680321754
680423175
680431275
680532174
680712543
680732514
681203745
681243750
681273054
681302475
681324750
681352074
681352740
681432075
681435270
681473025
681473250
681502743
681702534
681703254
681732540
681752043
682135470
682145073
682145730
682173045
682173450
682304175
682403715
682413750
682534170
682573014
682573140
682701543
682714035
682715043
682734510
683102574
683105247
683107254
683142750
683145027
683154072
683154720
683201754
683215047
683217054
683245710
683512074
683704125
683714052
683721054
683724015
684102375
684123750
684152073
684152730
684231075
684301275
684312075
684712053
710283465
710283546
710328654
710354286
710354628
710382645
710384652
710423865
710452638
710453268
710453826
710523846
710532486
710532648
710532864
710563824
710583264
710623485
710624835
710634852
710653428
710653842
710683245
710824653
710832465
710832546
710842635
710843652
710863254
712304865
712305468
712345086
712403856
712405386
712406583
712453860
712458063
712458630
712534860
712536480
712538640
712543068
712543680
712546083
712563840
712568043
712583460
712603458
712604538
712605834
712634058
712635084
712645038
712648530
712653480
712654083
712654830
712684035
712685043
712835460
712836540
712843056
712843560
712845063
712845630
712863450
712864053
713204568
713206458
713248056
713248560
713254086
713256048
713264058
713268045
713268450
713402865
713405682
713408625
713426058
713428650
713456820
713458260
713465028
713465280
713485620
713502684
713502846
713504286
713504628
713508426
713524068
713528460
713562048
713564820
713568240
713584260
713602485
713604582
713642058
713642580
713654028
713658420
713802564
713805246
713806254
713842650
713845026
713854062
713854620
713856024
713862540
713865042
714205836
714208635
714235860
714238065
714306582
714308265
714325068
714356280
714358062
714358620
714385026
714385260
714536082
714602583
714603852
714605238
714608532
714625830
714628035
714635280
714638520
714682530
714802365
714823650
714852063
714852630
714862035
715302486
715302648
715432086
715632048
716203854
716302584
716532084
716582043
716802543
718203645
718304625
718324650
718352064
718352640
718502643
718602534
718603254
718623045
718632540
718634025
718652043
720138654
720143865
720153684
720183564
720184653
720384615
720415638
720418653
720438615
720513486
720513648
720513864
720614853
720618543
720631854
720643185
720683154
720683415
720813465
720813546
720814635
720815643
721304685
721603548
721634850
721653084
721653840
721683045
721803645
721863054
723104658
723104865
723106854
723108645
723145086
723164850
723185640
723405186
723405618
723415068
723481065
723481650
723485016
723586014
723601584
723601845
723608154
723614058
723614580
723615840
723641085
723645180
723681540
723685041
723805416
723805641
723806514
723845061
723851064
723851640
724136085
724301658
724305816
724306185
724318065
724318650
724385610
724608135
724631058
724638150
724835016
726143085
726403185
728134650
728153064
728153640
728413065
728413650
728435610
728603145
728603514
728613540
728643150
730124865
730185426
730185642
730186524
730218465
730218546
730245168
730254618
730258164
730264815
730284651
730415268
730415826
730421685
730516824
730518264
730612548
730615428
730615842
730624185
730681254
730682514
730814652
730821654
731425680
731482065
731482650
731602584
731602845
731642085
731682054
731824650
731852064
731852640
732108654
732184650
732601854
732614850
734105268
734105682
734128065
734128650
734185062
734208165
734208651
734258610
734285160
734605812
734608215
734615082
734618025
734621850
734625018
734682015
734685210
734801265
734802615
734815260
734825610
734861025
735201486
735201648
735216480
735218640
736201584
736214580
738102645
738204615
738214065
738251064
738251640
738401625
738601524
738614520
738621054
740138625
740182635
740235618
740281653
740315286
740315628
740318652
740328615
740381625
740612835
740631825
740812653
741205638
741208653
741235068
741602853
741623850
741635820
741803265
741863025
742103865
742301685
742315680
742683015
742803615
743205168
748123065
748123650
748135620
748603215
748613025
751203486
751203648
751802643
752103684
753208164
760132854
760213854
761203584
762134850
762153084
762153840
762813054
763104285
763204815
763214085
780124635
780132564
780142653
780153426
780153642
780163524
780243165
780251643
780312654
780314625
780321645
780421653
780423615
780612453
780613542
780621543
780623514
780631245
780631524
780632415
780641253
781203465
781203546
781204635
781205643
781234065
781263045
781302564
781304652
781325640
781342065
781342650
781405632
781435062
781452063
781452630
781453026
781503264
781503426
781503642
781523046
781532064
781562043
781563024
781602435
781602543
781604253
781624035
781632450
781634052
781634520
781635240
781642530
781653042
782103456
782105634
782106543
782134560
782135064
782154063
782154630
782163054
782163540
782301654
782403165
782413056
782463015
782503614
782513640
782516043
782601453
782604513
782614530
782615034
782631054
782635410
783102465
783102546
783125046
783125460
783126054
783126540
783156420
783164520
783201645
783245160
783261054
783264150
783405162
783405216
783412065
783415260
783502164
783506214
783512046
783516240
783562014
783601542
783605241
783605412
783615420
783621045
783624510
783645021
783651024
783651240
784103652
784105236
784125630
784132065
784132650
784215036
784305612
784315620
784321065
784321650
784601235
784602315
784612350
784613052
784631250
784635012
810254376
810263475
810264735
810265743
810273645
810342675
810345276
810345762
810346725
810352764
810356742
810365724
810372465
810432576
810435726
810436752
810453627
810463257
810463725
810524736
810526743
810562473
810562734
810563742
810572643
810573246
810642573
810652437
810653472
810653724
810654732
810672534
810673425
810674352
810724563
810725436
810725643
810726534
810734526
810735462
810736542
810742365
810742536
810743256
810743562
810745632
810752346
810753264
810754623
810763452
810764532
812304756
812305647
812306457
812306574
812307465
812345670
812354760
812356047
812365074
812365740
812374065
812374650
812405673
812436570
812465037
812467053
812473560
812475063
812504637
812507643
812534067
812563470
812564073
812564730
812574036
812576430
812605374
812607534
812643570
812657043
812657430
812675340
812704365
812706435
812736045
812756034
812756340
812764350
812765430
813204576
813205467
813207564
813246057
813247065
813265470
813267540
813274056
813402675
813402756
813406725
813425067
813425670
813452076
813457620
813467025
813467250
813472650
813476052
813502476
813504267
813504672
813506427
813506742
813507246
813507624
813527064
813546072
813564027
813567042
813572460
813574062
813602745
813604527
813605724
813607425
813624057
813642075
813647052
813647520
813652470
813705264
813746025
813746250
813765024
814205763
814236075
814256370
814273065
814275360
814306275
814307625
814502673
814503762
814506372
814526730
814532076
814532760
814572063
814576032
814603572
814603725
814605327
814605732
814607352
814623075
814625037
814637025
814673520
814675023
814702356
814703526
814706253
814723560
814752360
814756023
814763025
814763250
815204736
815246730
815304762
815326074
815364720
815402376
815402763
815406732
815423076
815423760
815436720
815472036
815703246
815703462
815706234
815724036
815726430
815734062
815736240
815742063
815743260
815746032
816204753
816243075
816243750
816305742
816324075
816345720
816402735
816403275
816403752
816502374
816523740
816542073
816542730
816572034
816702453
816703542
816704235
816724053
816724530
816734250
816735042
816742035
816743052
816752430
817403625
817643025
820134765
820153476
820163574
820173465
820173546
820174635
820175643
820314675
820315764
820345716
820354176
820361754
820413576
820435176
820473615
820514763
820516473
820516734
820531764
820614573
820615437
820617453
820631574
820643715
820653174
820653741
820671543
820714536
820715346
820715463
820731465
820731546
820734615
820741635
820743651
820753614
821305746
821306754
821345076
821473065
821534760
821563074
821563740
821573046
821604375
821604753
821607543
821634570
821674035
821675043
821735460
821736540
821743056
821743560
821745063
821745630
821763045
821763450
823104675
823105764
823154076
823154760
823156470
823157064
823157640
823174065
823175046
823175460
823406175
823456071
823465170
823501674
823504176
823506714
823514670
823516074
823541076
823541760
823571064
823605417
823605741
823615047
823617054
823645710
823671450
823675014
823701456
823704165
823704516
823704651
823705146
823714056
823716450
823745160
823746051
823751046
823754610
823761540
823764150
824105736
824135760
824306715
824356170
824375016
824375160
824601735
824615730
824671053
824703615
824713065
824736015
824751063
824751630
825301476
825316470
825406713
825416073
825431076
825431760
825601743
825613740
825701634
825714630
825741036
826103754
826403715
826413075
826451073
826451730
826701543
826713054
826713540
826741053
826743015
830125476
830127654
830154762
830164725
830174265
830174652
830245617
830245761
830246715
830251764
830254167
830256741
830265147
830265714
830267154
830274156
830275416
830275641
830276514
830415627
830416257
830417265
830426751
830451726
830521746
830615472
830617542
830621475
830624715
830651742
830654217
830674251
830714256
830714562
830716452
830721564
830724165
830725614
830741652
830742615
830752641
830754126
830764215
831205476
831207654
831274650
831456072
831456720
831502674
831526740
831542076
831542760
831572064
831604725
831605742
831624075
831625470
831672450
831674052
831702456
831704265
831705624
831724560
831725064
831745026
831746052
831752046
831754062
831754620
831762540
832104765
832405176
832501764
832514760
832601574
832614570
832671540
832674015
832701465
832701546
832705641
832715460
832716540
832745610
834105627
834106257
834106725
834107265
834125067
834126750
834152760
834156027
834165072
834165720
834205671
834207156
834217065
834217650
834257160
834275061
834501726
834506271
834516720
834601752
834605172
834607251
834612750
834627015
834657210
834672051
834675120
834702165
834706215
834706521
834726510
834752061
834756120
835106274
835124076
835204761
835206147
835246017
835264710
835274016
835274160
835401762
835402716
835406217
835412760
835416027
835426710
835471026
835471260
835601247
835617240
835671042
835702614
835706412
835712064
835716042
835721460
835726014
835741062
835741620
836104275
836205174
836205741
836245710
836254170
836501274
836514270
836571024
836704512
836714052
836721540
836724015
837102654
837601254
837614250
840135762
840172653
840215376
840235167
840237615
840273165
840325176
840351276
840352716
840362751
840372615
840512736
840635217
840671253
840712563
840713265
840715623
840716532
840732651
840735126
840751632
841305762
841356270
841375026
841375260
841502763
841503726
841506273
841602573
841602735
841603752
841605237
841607253
841635027
841672530
841675032
841705326
841706523
841725360
841726530
842105376
842306175
842306751
842356710
842365170
842601375
842601753
842613750
842615370
842671035
842705613
842715063
842731650
842735016
843105726
843125760
843205617
843205761
843206157
843207165
843256017
843701652
843705216
843712650
843715026
845103276
845136270
845206731
845213076
845213760
845236071
845306712
845316072
845321076
845321760
845701236
845703612
845716230
845723016
845731026
845732610
846123075
846203751
846231750
846235170
846273015
846273150
846301752
846312750
847203615
850132764
850234176
850236714
850241763
850243716
850263174
850316724
850341726
850413726
850421736
850431276
850621743
850712436
850731426
850731642
851204763
851206734
851236074
851302476
851324076
851324760
851346720
851403762
851426730
851432076
851432760
851436270
851473026
851473260
851603247
851623740
851642073
851642730
851673042
851702463
851702634
851704236
851723460
851732640
851734026
851736420
851742036
851743062
851743620
851762043
852134760
852163074
852163740
852301746
852316740
852403716
852603174
852701643
852713064
853104276
853126074
853201764
853214076
853214760
853246710
853264170
853276014
853276140
853704612
853724016
854201736
854203176
856201743
860123754
860143725
860214753
860234715
860241735
860243751
860253147
860314725
860324175
860341752
860432175
860451732
860512743
860531274
860712534
860721543
860731524
860743215
861203475
861245073
861245730
861304275
861342750
861354072
861354720
861403725
861405732
861423075
861502473
861534270
861572043
861573024
861573240
861724035
861725043
861734052
861734520
861742530
861743025
862103574
862103745
862143075
862301754
862314750
862403751
862435170
862473015
862473150
862713045
863102754
863125047
863127054
863145720
863241750
863254071
863254710
863257014
863257140
863401752
863405217
863712054
863714250
863724051
863745210
864132075
864213750
864251073
864251730
864325170
864372015
864372150
864721053
870152643
870213654
870631254
871203645
871263054
871302654
871403265
871602453
871603542
871632054
871634250
871653024
871653240
872103465
872103546
872104635
872105643
872134065
872403615
872503164
872603514
872613540
873104265
873104652
873205416
873205641
873206514
873245061
873251064
873251640
873604125
873621054
873624150
874102653
874302615
876203154
