104287356
105274368
105468327
105674238
105867324
106258347
106275348
106285374
106287345
106378245
106387425
106428357
106478325
106785234
107246538
107248356
107256348
107256483
107258364
107283456
107284536
107285346
107285463
107285634
107286354
107286435
107348526
107358246
107365248
107368425
107384562
107386245
107386452
107426358
107428536
107456382
107458326
107465283
107465328
107468235
107468352
107468523
107482356
107485623
107528346
107546328
107548362
107568324
107584263
107586234
107586423
107685324
108237456
108243567
108257346
108257634
108265347
108346527
108347562
108376425
108457236
108467325
108476235
108547326
108567234
127048536
138027456
147028356
147280356
147328506
148037562
148360527
156028347
157048326
157064328
157068234
157068342
157086324
157260348
157268304
157428306
157462308
157480326
158024367
158027346
158047236
158240367
158247306
158362407
158437206
164028357
165048327
165087324
165270348
165278304
165280374
165280437
165428307
165480327
167025384
167038425
167045328
167048235
167048352
167048523
167052348
167058324
167085342
167085423
167240358
167250384
167254308
167280534
167285304
167328405
167380425
167425308
167428503
167438205
167450328
167458302
167480235
167480352
167480523
167485203
167528304
167540382
167580324
168037245
168042357
168047325
168057234
168237405
168250347
168257304
168270435
168342507
168347205
168420357
168427305
168470325
168570234
175024368
175064238
175068243
175068324
175240683
175460283
175648203
175680324
176025348
176028435
176038245
176048325
176238405
176250348
176253408
176258304
176325408
176350428
176358402
176380452
176428305
176480325
176540283
178026345
178036425
178046352
178056324
178246305
178260345
178350246
178356204
178460235
184027356
184057236
184270356
184362507
185027364
185064273
185067342
185267304
185427306
186024357
186025374
186027345
186052347
186075234
186247305
186250437
186254307
186257403
186275304
186350472
186370425
186427503
186437205
186470235
187023456
187025346
187025634
187026354
187026435
187034562
187036452
187046253
187054326
187056234
187056342
187056423
187065324
187230456
187235604
187240536
187245306
187250463
187260354
187260435
187346205
187350426
187356402
187360245
187420356
187423506
187430526
187436502
187450236
187450362
187452306
187456203
187465302
187540326
187546302
187560234
187564203
187625304
201347568
201356478
201368547
201457368
201465378
201467385
201467538
201476358
201487356
201547386
201548367
201567348
201578346
201658347
201768345
204318567
204513678
204567813
204653781
205367481
205468371
205481637
205678341
205687314
205764381
206315478
206341578
206358471
206375481
206378415
206381547
206387451
206457381
206478351
206481357
206487531
206518347
206571348
206581437
207186345
207316458
207341586
207348561
207356481
207356814
207364581
207368145
207368451
207381456
207386415
207436581
207465813
207468315
207468531
207481536
207483561
207516348
207518436
207541368
207546381
207568341
207584361
207586314
207615384
207618345
207654381
207685341
207856341
207865314
208315467
208315674
208316547
208317564
208376451
208416357
208437561
208467351
208517346
208657341
214573608
215048367
216048537
216058347
216075834
216350478
216438507
216470358
216548307
216750834
217036845
217046385
217046538
217048563
217056348
217058436
217065384
217068345
217346805
217348506
217360458
217360845
217380546
217436508
217450368
217460385
217460538
217465308
217486305
217546308
217560348
217580364
217648305
217650384
217685304
218037456
218057346
218076345
218350467
218360475
218360547
218365407
218370456
218375604
218376405
218430567
218460357
218463507
218547306
218746305
218760345
231048567
231468507
231480567
237046581
237410568
237461508
238047561
241057386
241058367
241370568
241570386
241580367
241587306
247031586
247051368
247056381
247310586
247368501
247380561
247381506
247510836
247560381
248031567
248310567
248361507
251038467
251047836
251048637
251360478
251380467
251480637
251487603
251648307
251680347
254061387
254063781
254370681
254631708
254683701
256041378
256470381
257018346
257048361
257061348
257064381
257081364
257086341
257360481
257386401
257468301
257480361
257640381
257684301
257860341
257861304
258041367
258410367
261045378
261047538
261058437
261078345
261340578
261348507
261380547
261450378
261487305
261570348
264038571
264378501
264380571
265018347
265048371
265071348
265074381
265074813
265370481
265387401
265478301
265480371
265483701
265741308
265874103
267015348
267018354
267038451
267041358
267045381
267048315
267048531
267051438
267081345
267084351
267085431
267150348
267158304
267340581
267358401
267381405
267384501
267410358
267415803
267418305
267438501
267450813
267480315
267480531
267548301
267580341
267810345
267854301
268017345
268041537
268051347
268431507
268510347
271046358
271048536
271086345
271460358
271468305
271480365
271480536
271548306
271560384
271580346
271846305
274051386
274380516
274536801
275046381
275068341
275346801
275460381
276018345
276035481
276048351
276051348
276310845
276318405
276350481
276380415
276385401
276430581
276458301
276480351
276541308
276850134
278046531
278056341
278410356
278450361
278451306
278465301
278546301
281047356
285061347
285610347
285640713
286017435
286047531
286341507
286410357
286417305
286437501
286451307
286510437
286531407
287041536
287051346
287056431
287065341
287146305
287160345
287310456
287316405
287346501
287351406
287360415
287360541
287430561
287431506
287450316
287461305
287463501
287510346
287510634
287540361
287560314
287650341
301425678
301427568
301428576
301428657
301457628
301458267
301458672
301467258
301468527
301478256
301478562
301487526
301526478
301526784
301527486
301527648
301528467
301546728
301547682
301548627
301567428
301568472
301576482
301578426
301587246
301627458
301627845
301657248
301687425
301728456
302457681
302461587
302465781
302476581
302487561
302548671
302567481
302568417
302568741
302578461
302581467
302587641
302658471
302671458
302768451
305461782
305468721
305672841
306418572
306421578
306427581
306452781
306475281
306478521
306482571
306518427
306528471
306572481
306582417
307412568
307416258
307416582
307425681
307426518
307451682
307456281
307456812
307458621
307461528
307465821
307468125
307468251
307468512
307481256
307481562
307482516
307518246
307518624
307526481
307528641
307542681
307546821
307561248
307561482
307568421
307582461
307584621
307612458
307642518
307652481
307658241
307816245
307856421
308127456
308416527
308417562
308421567
308426571
308427651
308452671
308467521
308472561
308476251
308512467
308527461
308562471
308571246
308627415
308651472
308657421
312048567
312468507
312480567
316048572
316058427
316078452
316470528
316478502
317028456
317046582
317056428
317058246
317058462
317058624
317062458
317065248
317068425
317258406
317420568
317456208
317460258
317460582
317460825
317462508
317468205
317486502
317548206
317560428
317580624
317620458
317650248
317652408
317680425
317860245
318046527
318052467
318460527
318467502
318470562
318540627
318547602
321047568
321048576
321048657
321056478
321057486
321057648
321067458
321078456
321078564
321450678
321450867
321457806
321467508
321480576
321480657
321560478
321568407
321570486
321570648
321578604
321580467
321645708
321670458
321786405
324018567
324571608
325048671
326047581
326051748
326054781
326058471
326410578
326418507
326471508
326487501
326541708
326570418
326580471
326584701
327041586
327041658
327046518
327046851
327058416
327068451
327086415
327410586
327416508
327450681
327451608
327456801
327460518
327480156
327481506
327485601
327510468
327548601
327561408
327580416
327580641
327586401
327658401
327860415
328017456
328041567
328047516
328057461
328157406
328460571
328461507
328470516
328470651
328476501
328510647
328541607
328567401
328610457
328651407
341520678
341528607
341572608
341580627
341587602
342580671
347061582
347520681
347520816
347526801
351047628
351048672
352047681
352048617
352048761
352067841
352068471
352468701
352480617
352487601
352640781
352680471
352684701
354680721
357041682
357042618
357046812
357048621
357062481
357068241
357081462
357086421
357428601
357460812
357480621
357481602
357861402
358041627
358042671
358061247
358061472
358067421
358420671
358421607
358610472
358641207
358642701
358670421
361027485
361028457
361042578
361057428
361258407
361280457
361287405
361420578
361428507
361472508
361520748
361542708
361570428
362041587
362057481
362078451
362081457
362450781
362470518
362481507
362548701
362580417
362780451
365048721
365072481
365428701
365472801
365480721
365724801
367025481
367041528
367045821
367048125
367048251
367048512
367051248
367051482
367052841
367082451
367250481
367285401
367410528
367418502
367421508
367425801
367428105
367450821
367458201
367480125
367480251
367480512
367528401
367541208
367542801
367580421
367584201
367820451
367825104
367852401
368047521
368410257
368410572
368427501
368451207
368470521
368520471
371480256
371580426
372041568
372046581
372048516
372061458
372410568
372480516
372486501
372548106
372580614
375061824
375642801
376048521
376052481
376420851
376428501
376450281
376452801
376480521
376485201
378016245
378042561
378046125
378046251
378051246
378056421
378246501
378410526
378420561
378460251
378462501
378540261
378541206
381027456
381047526
381257406
381427506
381547206
382047561
382051467
382057641
382470561
382547601
382570641
385672401
386027541
386042571
386047251
386420571
386472501
386520417
387016425
387026451
387041562
387042516
387042651
387051426
387052146
387052461
387056241
387056412
387065421
387126405
387410256
387412506
387416205
387450126
387450612
387451206
387452601
387456102
387460215
387461502
387510426
387520146
387520461
387524601
387540621
387546201
387560412
387562401
387610245
387650142
387650421
401237568
401258367
401267358
401278356
401328567
401357682
401376258
401523678
401526738
401527368
401528376
401538267
401568327
401576328
401628357
401638527
401658372
402518367
402531867
402537681
402568371
402576381
402631587
402638571
402651378
402731568
402731856
403182567
403512678
403567812
403568721
403572681
403572816
403578612
403581267
403587621
403651728
403658712
403681527
403762581
405631782
405671832
405672381
405673821
405678231
405683271
405687132
405687321
405761382
405762318
405768321
406218357
406517328
406527381
406532781
406538712
406571238
406573281
406578321
406581327
406582371
406587231
406587312
406735281
406735812
406751283
406753821
406758123
406827531
406857132
406857321
406875123
407128356
407168325
407216358
407216583
407238561
407268351
407281356
407285361
407321568
407326581
407356821
407368521
407382561
407516238
407516382
407516823
407526318
407536128
407536281
407536812
407538621
407562381
407563821
407568123
407568231
407581236
407581362
407581623
407582631
407583126
407583612
407586213
407625381
407628315
407658321
407683521
407685123
407685231
407685312
407816325
407826351
407836521
407852361
407856312
407865132
407865321
408167235
408236571
408327561
408521367
408563712
408567321
408576231
408576312
408612357
408635712
408657231
408657312
408716235
412580367
413520678
416027538
416028357
416237508
416250378
416258307
416270538
416328507
416530782
417028536
417038256
417038562
417056238
417058326
417086325
417238506
417256308
417268305
417280536
417326508
417360528
417368502
417380562
417520368
417538602
417560238
417560382
417580326
417586302
418027356
418032567
418062357
418257306
418320567
418362507
418520637
418530672
418532607
418573602
418620357
418652307
421036578
421037586
421058376
421058637
421068357
421368507
421376508
421380567
421387506
421530678
421567308
421570368
421573608
421580637
421658307
425630781
425683701
426038571
426087531
427018356
427031568
427036581
427056318
427058361
427061358
427065381
427086351
427318506
427360581
427361508
427386501
427510386
427568301
427580361
427581306
427650381
427685301
427836105
427856301
427860135
428051367
428370561
431058267
431068527
431087526
431270568
431568207
431587206
431680527
432018567
432051678
432061587
432061758
432065781
432068571
432071568
432168507
432510678
432570681
432587601
432650781
432651708
432685701
432751806
432761508
436018572
436052781
436075812
436580712
436582701
437016258
437018526
437028561
437056128
437056812
437058621
437062581
437086521
437128506
437180526
437512608
437516802
437528601
437560128
437560281
437560812
437580216
437581602
437586201
437860521
438017256
438021567
438026571
438027516
438157206
438210567
438217506
438260571
438261507
438276501
438520671
438572601
451028367
451038627
451068372
451087362
451268307
451280367
451370682
451387602
451630782
451670328
451680372
451680723
451682307
452038671
452078361
452378601
452670381
452680317
452687301
452768301
453062781
453068712
453071682
453610728
453620781
453670821
453671802
453680271
453682701
456072381
456078231
456710283
456781203
457026381
457032681
457036821
457038261
457061238
457061823
457063812
457068321
457081263
457082361
457083621
457086123
457086231
457086312
457210368
457260381
457261308
457286301
457610823
457618203
457621803
457623108
457628301
457680213
457680321
457682103
457683201
457820361
457826103
457860123
457860312
457861203
457862301
458027361
458031267
458037621
458067231
458637201
458670231
461027358
461038257
461038572
461058327
461378502
461528307
461580327
462037581
462318507
462370581
462380517
462530781
463028571
463052718
463057812
463058721
463072581
463280571
463281507
463510782
463512708
463528701
463570812
463572801
463580721
463581702
465021378
465032781
465072831
465073281
465078132
465078321
465083721
465210378
465270381
465271308
465382701
465710382
465710823
465720831
465721803
465728301
465730281
465732801
465738102
465780213
465780321
465781302
465783201
465870123
467018325
467021538
467023581
467032518
467035812
467052381
467053821
467058123
467058231
467058312
467082531
467085132
467085321
467128305
467180325
467210538
467230581
467231508
467258301
467280351
467281305
467328501
467351208
467380521
467518302
467523801
467528103
467530821
467538201
467580123
467580231
467815203
467820315
467825301
467832501
467835102
467850321
468017235
468021357
468031527
468032571
468075123
468175203
468210357
468310527
468320571
468321507
468527301
468530712
468725103
468750123
468753102
471028356
471036258
471056328
471280356
471286305
471328506
471360258
471360582
471380526
471386502
471560328
472038561
472380561
473082561
473261508
473518602
473520681
473580612
473582601
473820561
475028361
475061832
475062381
475062813
475063821
475068231
475610832
475620813
475630821
475680231
475861302
476021358
476025381
476025813
476032581
476051238
476052831
476058321
476085123
476210358
476250381
476251308
476285301
476320581
476325801
476510238
476510382
476520318
476520831
476528301
476530281
476531208
476532801
476580321
476583201
476820135
476832105
476850123
478056312
478310562
478510326
478516302
478520361
478560312
482031567
482310567
482361507
483061527
483510267
485067132
485632701
485670213
485670321
485673201
486012357
486027351
486037521
486057312
486120357
486127305
486312507
486327501
486510327
486517302
486520371
486521307
486570312
487015326
487016235
487016352
487016523
487021356
487026315
487026531
487031526
487036125
487036512
487053612
487056132
487062351
487063521
487065123
487065231
487065312
487136205
487150326
487156302
487160235
487210356
487216305
487236501
487250361
487251306
487265301
487316502
487321506
487356201
487362501
487510236
487510362
487510623
487513602
487516203
487520316
487520631
487521603
487530126
487530612
487531206
487532601
487536102
487561302
487610325
487620351
487625103
487630521
487650123
487650312
487652301
501236478
501238467
501247368
501248637
501276348
501286437
501287346
501348267
501348672
501367248
501367482
501368427
501378246
501427386
501437682
501437826
501467328
501468237
501468372
501468723
501476382
501478326
501627348
501628437
501634782
501638247
501638472
501674328
501678234
501678342
501687324
501728346
501768324
501847326
502148367
502341678
502348617
502381647
502387461
502436781
502437618
502461378
502461783
502467381
502468317
502468731
502481367
502618347
502631478
502637481
502641738
502643781
502647831
502671348
502671834
502674381
502687341
502736841
502746381
502764831
502768134
502847361
502861347
502876341
503142678
503248671
503427681
503428617
503461728
503467821
503468127
503468271
503468712
503471682
503472861
503478621
503481627
503482671
503487261
503628471
503641278
503641782
503642718
503642871
503647128
503647812
503672148
503672481
503678241
503682417
503687421
503742168
503742681
503742816
503746821
503748126
503761482
503768142
503768421
503841267
503842617
503847162
504167238
504168273
504168327
504218367
504261387
504263781
504268371
504271836
504276381
504276813
504283671
504287136
504287361
504368721
504613782
504618237
504618723
504621783
504627381
504628731
504631728
504637821
504638127
504638271
504638712
504671238
504671382
504672831
504673128
504673281
504673812
504678132
504681327
504682137
504682371
504683721
504687231
504728361
504738621
504761283
504761328
504762813
504768231
504827631
504863127
504867132
504867321
504876123
504876231
506148237
506174823
506187423
506217348
506241378
506247381
506278341
506281347
506284371
506327481
506342781
506371482
506372418
506374281
506378421
506382471
506418327
506423781
506428371
506432871
506438721
506471283
506471328
506473821
506478123
506487321
506724381
506732148
506732481
506734821
506741238
506741823
506742318
506742831
506743128
506743812
506748132
506748213
506782341
506783142
506784123
506784231
506817324
506827341
506827413
506841327
506847123
506847312
506874132
506874321
507126348
507128436
507142368
507146238
507146382
507148263
507164328
507168342
507168423
507214368
507216384
507236481
507246318
507246831
507264813
507268314
507268431
507281364
507281436
507283461
507284631
507286134
507326841
507328461
507342618
507342861
507346281
507346812
507348621
507361428
507364821
507368124
507368241
507368412
507384261
507416283
507416328
507418236
507418362
507418623
507421368
507423618
507426813
507428316
507428631
507436182
507438126
507438261
507438612
507461238
507461382
507461823
507462318
507462831
507463128
507463281
507468132
507468213
507481326
507483162
507612348
507614382
507614823
507618243
507621384
507623481
507624318
507624831
507628134
507632841
507634281
507638142
507638421
507642813
507681234
507681342
507682314
507682431
507683241
507683412
507684132
507814326
507816342
507826314
507826431
507832461
507834621
507836124
507836241
507841362
507842316
507846213
507861324
507862134
507863421
507864231
507864312
508146327
508147236
508147623
508167324
508241367
508247316
508267341
508274361
508321467
508342671
508347126
508347261
508347612
508412367
508417326
508423671
508426731
508461327
508462371
508463721
508467123
508467312
508476321
508614327
508617234
508617342
508617423
508621347
508624371
508627431
508632147
508632471
508634721
508637124
508637241
508637412
508647132
508671324
508674231
508726341
508742361
508746123
508746231
508746312
508764213
508764321
512038467
512368407
512680347
514063782
514068237
514280367
514680723
514683702
516028437
516048327
516087324
516238407
516280437
516380247
516428307
516480327
517046328
517048236
517048362
517048623
517062348
517064382
517064823
517068243
517086342
517240368
517260384
517264308
517286304
517328406
517360248
517360482
517368204
517386402
517426308
517428603
517438206
517468302
517480236
517480362
517480623
517486203
517620348
517628304
517640382
517640823
517648203
517684302
517840326
517860342
518043627
518047632
518064327
518067234
518067342
518067423
518237406
518260347
518347206
518420367
518423607
518427306
518430627
518470326
518630472
518637204
518640327
518647302
518670234
518670423
521037468
521038647
521047386
521047638
521048673
521064738
521068437
521078346
521348607
521367408
521378406
521380476
521380647
521460378
521470638
521476308
521487306
521638407
521640738
521647308
521678304
521680374
521680437
521748306
523480617
524061783
524078361
524087631
524380671
524638701
524670381
524687301
526048371
526074381
526081437
526087341
526348701
526370481
526387401
526430781
526470318
526478301
526480371
526740381
526847301
526870341
527016348
527018364
527018436
527036841
527038461
527041368
527046813
527048316
527048631
527061384
527061438
527064318
527064831
527068134
527068413
527081346
527086431
527146308
527168304
527340681
527346801
527360418
527360841
527380461
527384601
527410368
527430618
527430861
527460138
527460813
527463801
527480316
527480631
527610384
527614308
527630481
527640318
527680134
527681304
527683401
527836401
527841306
527860314
527860431
528037641
528047361
528061347
528064713
528076341
528310467
528347601
528360471
528361407
528430671
528431607
528467301
528470361
528610347
528614703
528640371
528641307
528670431
528674301
528746301
528760341
531026478
531028467
531046728
531047826
531064782
531067428
531068247
531068472
531068724
531076482
531260478
531268407
531276408
531420678
531460728
531468702
531470268
531470682
531470826
531472608
531487602
531648207
531670428
531678402
531680247
531760482
532041687
532047861
532061478
532061784
532067481
532068417
532068741
532076841
532078461
532460781
532470618
532480167
532481607
532486701
532610784
532618407
532648701
532670481
532680417
532680741
532681704
532687401
532746801
532760841
532768401
534062781
534078621
534620781
534678201
534682701
536042718
536048721
536072481
536428701
536472801
536480721
536740821
536742108
537026481
537048126
537048261
537048612
537061248
537061482
537062841
537064281
537082461
537084621
537086124
537086241
537260481
537418602
537421608
537426801
537428106
537460182
537461802
537468201
537480126
537480261
537480612
537486102
537628401
537640281
537641208
537642801
537648102
537680421
537846201
537860124
537860241
537862401
538027461
538041267
538042617
538047621
538061427
538067241
538067412
538410267
538410672
538412607
538417206
538420617
538461207
538462701
538470621
538621407
538640721
538647201
538670412
538672401
541027368
541027683
541036782
541037628
541038672
541067238
541068732
541076283
541076328
541078236
541078623
541087326
541238607
541267308
541270368
541270683
541278306
541280376
541280637
541368207
541370628
541378602
541380267
541620378
541623708
541630728
541638702
541670238
541670382
541678203
541687302
541760328
541827306
542018367
542031678
542037681
542037816
542061387
542061738
542063781
542067831
542076381
542078631
542087361
542168307
542318607
542368701
542370681
542371608
542380617
542631708
542670318
542681307
542683701
542760381
543012678
543018627
543028671
543061782
543062718
543062871
543067812
543071628
543072168
543078261
543078612
543082617
543087621
543120678
543128607
543278601
543610278
543618207
543620718
543620871
543670128
543670281
543670812
543671208
543678102
543680172
543681702
543687201
543712806
543720681
543720816
543726801
543760821
543768201
543782601
543810267
543867102
543870621
546018237
546021378
546021783
546027381
546028731
546032781
546071238
546072831
546073128
546073281
546073812
546078321
546082371
546083721
546087123
546087231
546138207
546173208
546218307
546271308
546287301
546710823
546720831
546721803
546728301
546730128
546730281
546731208
546732801
546738102
546780213
546780321
546820371
546827103
546837201
546870123
546872301
547012368
547016238
547016382
547016823
547018263
547021386
547023681
547026318
547026831
547028136
547028613
547032618
547032861
547036128
547036812
547038162
547038216
547081362
547082316
547082631
547083261
547086132
547086213
547120368
547126803
547160238
547162308
547168203
547180326
547186302
547210386
547218603
547230681
547231608
547236801
547260318
547280136
547281306
547283601
547318206
547328601
547360281
547360812
547361208
547362801
547368102
547380621
547386201
547610283
547610328
547618302
547620138
547620813
547621308
547630218
547631802
547632108
547680312
547681203
547683102
547810362
547812306
547816203
547820316
547820631
547823106
547830126
547830261
547832601
547860132
547860213
547861302
547863201
548016327
548017236
548017623
548026371
548027316
548027631
548032671
548036721
548037126
548037261
548037612
548063712
548072361
548073621
548076123
548076231
548137206
548160327
548170236
548217306
548260371
548261307
548276301
548310627
548317602
548320671
548321607
548327106
548367201
548372601
548610237
548610723
548612307
548613702
548617203
548620317
548620731
548630127
548630271
548630712
548631207
548632701
548637102
548670213
548671302
548673201
548726103
548730621
548760123
548760231
548760312
548762301
561024378
561038427
561047328
561048237
561048372
561048723
561072348
561078324
561240378
561270384
561274308
561287304
561328407
561370248
561370482
561380427
561387402
561427308
561428703
561438207
561478302
561480237
561480372
561480723
561720348
561724803
561728304
561742308
561780324
561847302
562034781
562038471
562047381
562048317
562048731
562073481
562078134
562081347
562340781
562341708
562370418
562380471
562410378
562418307
562430871
562438701
562471308
562473801
562480317
562480731
562487301
562730481
562738104
562740318
562780341
562840371
562841307
562874301
563041728
563042817
563047821
563048127
563048271
563048712
563072841
563078421
563082471
563087241
563270481
563410728
563418702
563421708
563427801
563428107
563470821
563478201
563480127
563480271
563480712
563720841
563728401
563740128
563740281
563742801
563748102
563780421
563872401
564018327
564023781
564028713
564032718
564038721
564071328
564071832
564072138
564081372
564081723
564082731
564083271
564087321
564128307
564178203
564180273
564180327
564217308
564270318
564280713
564281307
564283701
564328701
564372801
564380721
564710283
564710328
564713208
564720138
564720813
564721308
564730182
564731802
564732108
564738201
564780312
564781203
564783102
564821703
564827301
564837102
564870213
564871302
564873201
567014283
567014328
567018234
567018342
567018423
567024813
567028314
567028431
567032148
567038124
567038241
567038412
567041238
567041382
567041823
567042318
567042831
567043128
567043281
567043812
567048132
567048213
567081324
567082134
567083421
567084312
567124308
567128403
567138204
567140328
567180234
567180342
567180423
567184203
567210483
567238401
567240813
567280314
567280431
567281403
567314208
567318402
567321408
567324801
567328104
567340821
567342108
567348201
567380124
567380241
567380412
567410238
567410382
567410823
567412308
567413802
567420318
567420831
567421803
567423108
567430128
567430281
567430812
567431208
567480132
567480213
567481302
567814302
567820134
567821304
567823401
567830142
567830421
567831402
567834201
567840231
567843102
568012347
568017324
568024731
568032417
568041327
568042371
568043721
568047123
568047312
568074321
568120347
568127304
568170324
568210437
568214307
568240317
568270341
568312407
568320417
568342701
568371402
568417302
568421307
568423701
568427103
568430721
568437201
568470123
568470231
568470312
568472301
568710234
568714203
568724301
568734102
568740213
568740321
571048326
571068234
571260348
571280436
571340268
571348206
571364208
571380246
571428306
571460382
571480326
571640328
571680234
572048361
572061348
572064381
572086341
572340861
572360481
572364801
572430681
572468301
572480361
572640381
572641308
572846301
572860341
573048621
573062481
573268401
573428601
573460281
573460812
573462801
573480621
573640821
573860421
574026813
574061238
574061382
574061823
574063128
574063281
574063812
574068321
574216803
574260381
574260813
574281603
574286301
574320681
574382601
574610238
574610823
574618203
574621803
574628301
574630128
574630281
574630812
574632801
574638102
574680213
574680321
574683201
574820361
574823601
574826103
574860123
574860231
574862301
576023481
576024831
576031482
576032418
576038421
576041328
576042138
576048123
576048312
576082431
576084213
576084321
576120348
576140823
576142308
576180324
576210384
576230481
576231408
576234801
576240318
576280341
576283401
576310482
576312408
576320418
576340281
576341208
576342801
576381402
576410283
576410328
576420138
576421308
576423801
576428103
576430218
576431802
576432108
576480123
576480312
576481203
576814203
576820431
576823104
576824301
576830124
576832401
576840132
576840213
576841302
576843201
578024361
578032461
578036124
578046132
578046321
578062341
578064123
578064231
578126403
578140326
578146302
578160234
578210346
578240361
578246103
578264301
578326104
578340162
578360124
578360412
578362401
578364102
578410362
578426301
578436102
578460321
578610324
578620341
578624103
578640123
578640231
578640312
578642301
581027346
581027634
581360247
581627304
582031647
582037614
582041367
582067341
582310647
582341607
582370461
582461307
582670341
583042671
583420671
583421607
584023671
584027361
584063721
584067123
584230671
584267301
584270361
584273601
584320617
584610327
584620371
584627103
584630721
584632107
584670123
584670312
584672301
586024371
586027143
586027314
586047321
586072341
586073142
586074123
586127403
586170234
586170423
586210347
586217304
586240371
586274301
586320471
586327104
586340721
586370412
586372401
586412307
586417203
586420317
586427301
586432701
586470321
586730142
586740123
586742301
586743102
587012346
587014362
587014623
587016432
587023461
587024316
587024631
587026134
587026413
587032641
587034261
587036142
587036421
587041326
587042613
587043621
587046231
587061234
587061342
587062431
587063412
587064132
587064213
587120346
587124603
587140362
587142306
587146203
587164302
587210364
587210436
587214306
587216403
587230461
587234601
587240316
587240631
587261304
587263401
587312406
587316204
587320641
587326401
587340261
587342601
587346102
587361402
587364201
587410263
587410632
587420136
587420613
587421306
587430162
587431602
587432106
587436201
587461203
587463102
587610234
587610423
587612304
587620314
587620431
587623104
587630124
587630241
587630412
587634102
587640132
587640213
587641302
587643201
601247538
601248357
601257348
601278345
601328457
601427358
601437528
601438257
601458327
601528347
601758342
602341587
602347518
602348571
602357481
602381457
602437581
602451738
602458371
602471358
602541378
602548317
602578341
602731458
602751348
603428571
603451782
603458721
603472581
603541728
603542781
603742851
603745812
603752481
604251378
604528371
604532718
604572381
604573821
604578123
604578231
604753812
604758321
604857123
605174283
605174328
605187324
605187432
605218347
605248371
605248713
605271348
605274813
605278314
605278431
605287341
605324781
605372481
605374821
605427381
605432781
605471382
605472831
605473128
605473281
605478213
605482371
605483721
605487312
605713428
605714823
605718324
605728134
605728341
605734812
605742381
605742813
605743821
605748123
605781234
605783241
605784213
605784321
605827431
605872134
605872341
605873142
605873421
605874312
607128345
607145283
607158324
607185234
607185423
607215348
607215483
607218354
607241358
607245381
607251438
607281345
607285314
607285431
607342581
607351248
607358142
607358421
607382451
607384521
607385124
607385412
607418325
607428351
607438521
607451328
607452381
607458123
607483512
607485132
607485213
607521348
607524138
607524381
607532481
607534821
607543128
607548321
607582341
607584123
607584231
607815324
607825341
607842351
607845123
607845312
607851342
607853124
607854213
607854321
608157342
608175324
608217345
608247351
608347521
608357412
608375142
608417235
608432571
608457321
608475123
608524317
608527341
608537421
608547231
608547312
608574213
608574321
608715234
608715342
608754123
615024783
615728304
615740823
615780324
617048325
617085324
617250348
617258304
617280435
617285403
617428305
617480325
618047235
618247305
618270345
618430257
618750234
621038457
621047358
621057438
621358407
621370485
621387405
621438507
621470358
621548307
621580347
621847305
621870345
625078341
625087431
625384701
625470381
625748301
627018345
627048351
627051348
627054381
627058431
627085341
627340518
627458301
627480351
627481305
627540381
627541308
627584301
627850341
628410357
628540317
631058427
631450278
631458207
631470528
631480257
632058471
632071458
632075814
632418507
632470581
632480517
632487501
632750814
635042781
635074812
635740812
637041582
637042518
637048521
637412508
637420518
637428501
637480521
637540821
638017245
638052417
638072451
638420571
638421507
638472501
638512407
638520417
641027538
641028357
641258307
641280357
641520387
641580372
642037518
642038571
642317508
642378501
642381507
642518307
642530718
642538701
642580317
643051728
643058712
643071258
643072518
643270581
643518702
643520781
643528107
643572108
643582701
643720851
643750812
643752801
643820571
643872501
645028371
645028713
645072813
645073821
645078123
645278301
645728103
647015283
647021358
647028531
647032581
647051238
647053128
647053812
647058321
647081325
647082351
647085123
647150283
647185203
647218305
647238501
647250381
647251308
647285301
647520183
647520831
647521803
647523108
647528301
647532801
647538102
647580321
647820351
647850123
647852301
648023571
648027351
648037521
648057231
648230571
648231507
648327501
648510327
648520371
648521307
648523701
648537201
648570231
651028374
651048327
651078342
651270348
651278304
651428307
651480327
651748302
652018347
652031784
652041738
652048371
652071348
652074813
652370481
652387401
652430781
652431708
652478301
652480371
652710348
652741308
653041278
653048721
653071428
653072481
653087142
653172408
653410782
653412708
653420718
653428701
653471208
653472801
653480721
653720481
653721408
654013782
654021378
654027381
654028317
654028731
654031728
654032781
654072831
654078321
654083172
654130278
654170283
654170328
654173208
654183702
654187203
654210378
654218307
654270381
654271308
654280317
654287301
654310728
654320781
654321708
654382701
654710382
654713802
654720318
654720831
654730281
654732801
654780321
654783201
654827103
654830172
654873102
657012348
657014823
657018432
657021438
657023481
657024318
657028413
657031248
657032841
657038142
657038421
657042381
657043821
657048123
657048231
657081342
657082431
657083124
657084132
657084213
657120348
657124803
657128304
657142308
657184302
657210438
657214308
657218403
657231408
657240318
657280413
657281304
657283401
657310248
657312408
657318204
657328401
657341208
657348102
657380421
657381402
657384201
657410328
657428103
657480123
657480231
657812304
657820314
657824301
657834102
657840132
657840321
658017342
658021347
658024713
658027314
658027431
658032471
658037241
658037412
658047321
658072341
658074123
658147302
658210347
658214703
658217304
658270314
658317402
658320471
658370412
658372401
658427301
658470321
658720134
658720341
658721304
658740123
658742301
672058341
672380451
673420581
674052138
674520138
674530821
674532108
675024381
675048321
675082341
675084123
675084231
675084312
675124308
675140283
675140328
675148302
675180342
675180423
675184203
675210348
675210483
675214803
675240381
675240813
675280314
675280431
675314208
675320148
675324801
675328104
675342108
675380124
675382401
675410823
675418203
675421803
675428301
675430128
675432801
675480213
675480321
675483201
675810324
675820134
675820341
675824103
675830142
675834201
675840123
675840312
675842301
678035142
678250341
678345102
678450312
685012347
685073241
685074132
685074321
685127304
685137402
685170324
685170432
685270341
685340712
685417302
685420713
685423701
685470312
685472301
685710234
685714203
685730241
685734102
685740213
685743201
687015342
687015423
687024351
687025314
687035124
687045132
687045321
687054123
687140325
687150234
687150342
687150423
687153402
687210345
687215304
687240351
687250314
687254301
687315402
687320145
687320451
687325104
687350412
687352401
687413502
687415203
687420315
687425301
687430512
687432501
687450321
687514302
687520341
687524103
687540123
687540312
687542301
701256384
701368245
701468325
702348516
702456381
702468351
702546831
702561348
702865341
703468521
703564821
703852461
703856412
704158326
704256831
704265381
704561382
704561823
704562318
704562831
704563128
704563281
704568132
704568213
704568321
704856132
704863521
704865123
704865312
705162348
705163428
705164823
705168243
705261384
705263481
705264318
705264831
705268134
705286431
705361824
705362841
705364281
705364812
705368421
705461328
705462813
705463182
705468231
705468312
705642318
705814623
705834126
705861234
705861342
705862314
705862431
705863124
705864132
705864213
706135428
706145382
706148325
706154283
706154328
706158342
706158423
706185324
706218345
706248351
706251348
706254381
706254813
706258314
706285134
706285341
706345812
706352481
706358241
706425381
706425813
706432581
706435821
706452318
706452831
706458132
706482135
706482351
706485123
706524318
706528341
706542381
706543218
706543821
706548231
706815234
706821345
706835124
706845132
706845321
706851324
706852134
706853142
706853421
706854231
708146352
708156324
708256341
708265431
708316245
708356214
708365241
708456312
708465321
708546213
708546321
716085234
716280345
716850234
721480356
726058341
726450381
726485301
726540318
726841305
728016345
728146305
732480561
736045821
736085124
736425801
736820145
741256308
742036581
742086135
742360581
743520861
743528601
743560281
743562801
743860152
745061382
746015382
746028135
746035812
746052381
746053218
746053821
746058231
746081235
746085132
746128305
746150382
746185302
746230581
746258301
746513208
746523801
746538201
746815203
746835102
746850213
746850321
748056132
748056321
748156302
748216305
748560213
751286304
751360824
752068341
752460381
752680341
752681304
753046821
753068142
753082146
753460182
753460821
753486102
753820461
753860412
754018326
754026831
754028361
754062138
754062381
754063821
754068123
754086132
754086321
754128306
754160238
754168203
754236801
754260831
754268301
754280361
754321806
754620138
754623801
754628103
754630182
754680123
754682301
754683102
754816203
754826301
754830126
754830612
754836102
754860213
754860321
756014283
756018423
756021483
756024381
756024813
756032148
756032481
756034821
756038124
756041823
756042318
756042831
756043128
756043281
756048132
756048321
756082134
756082341
756083142
756083421
756084123
756084231
756148302
756218304
756240381
756241308
756281403
756284301
756328104
756421803
756428301
756438102
756480321
756483201
756814302
756820341
756821304
756823401
756824103
756831402
756832104
756840123
756840231
756840312
756843102
758016324
758026134
758036214
758046312
758160324
758260134
758260341
758360214
758364201
758420361
758460312
761048325
761250348
761258304
761428305
761480325
761825304
762048351
762051348
762148305
762350481
762385401
762430581
762458301
762480351
762541308
762850134
762850341
762854103
763042518
763042851
763048521
763052481
763428501
763452801
763480521
763540821
764052318
764052831
764053128
764053281
764058132
764058321
764082351
764083152
764085123
764085231
764250381
764251308
764520318
764520831
764521803
764528301
764580213
764580321
764583201
764820351
764825103
764835201
764850312
764852301
764853102
765012348
765013428
765014238
765014382
765018243
765021384
765023481
765024318
765024831
765028134
765032841
765034128
765034281
765038421
765041328
765042813
765048123
765048231
765048312
765081342
765082431
765083124
765083241
765083412
765084132
765084213
765120348
765124803
765130428
765134208
765138402
765140238
765140382
765140823
765142308
765148203
765184302
765210384
765230481
765234801
765240318
765280134
765283401
765314802
765318204
765320841
765321804
765328401
765340281
765380421
765384201
765410328
765413208
765418302
765420813
765421308
765430182
765431802
765438201
765480123
765480231
765480312
765483102
765810342
765810423
765812304
765813402
765820314
765820431
765823104
765830241
765830412
765831204
765840132
765840213
765841302
765843201
768015342
768025314
768032451
768035124
768035241
768045132
768045321
768052341
768054123
768140325
768145302
768150342
768210345
768215304
768241305
768250314
768320451
768325104
768345201
768352401
768415203
768425301
768450213
768450321
785360241
786150324
786250134
786420135
786420351
786425103
786450123
786452301
802137456
802176345
802431567
802567134
803542671
804567123
805164327
805167342
805167423
805267314
805267431
805367124
805367241
805467132
805467213
805467321
805473621
805672314
805674213
805762341
805764123
805764231
806157324
806175234
806217435
806257341
806372451
806427351
806457123
806457312
806475321
806574123
807136245
807142356
807146325
807156234
807156342
807156423
807162345
807164523
807246351
807246513
807256314
807265134
807316425
807326145
807346521
807352614
807356241
807356412
807362541
807365142
807365421
807415326
807416235
807416352
807416523
807425361
807426315
807432561
807436125
807436512
807456213
807461325
807462351
807463152
807463521
807465312
807516324
807524316
807526341
807542361
807542613
807546312
807563412
807564213
807564321
807652134
807652341
807654123
807654312
817026345
817246305
817260345
817450326
817456302
821357406
821430567
827041356
827056341
827360145
827416305
827450361
827540316
827546301
832157406
837042561
837046125
837146205
837160245
837460512
843052671
843261507
843520671
843570612
847012356
847016325
847021536
847026351
847036521
847052361
847056123
847056231
847120356
847152306
847160325
847216503
847256301
847520361
847526103
847560123
847562301
852041637
852370641
852617304
854013672
854130672
854217306
856017324
856027413
856217403
856270413
857016234
857016342
857016423
857021346
857024361
857036124
857036412
857046132
857046321
857062134
857062341
857064123
857064312
857124306
857146302
857160234
857160342
857160423
857216304
857241306
857264301
857326104
857342106
857360124
857360241
857360412
857416203
857426301
857436102
857460321
857620134
857624103
857632104
857642301
862041357
862410357
862451307
863420571
864027513
864520137
864527103
865024371
865027314
865027431
865047132
865047321
865072341
865074231
865140273
865147302
865170342
865170423
865174203
865240371
865270314
865270431
865274301
865327104
865372401
865427301
865470213
865470321
865714302
865724103
865740123
865740312
867015243
867025134
867025413
867035142
867035421
867041325
867042135
867043152
867043521
867045231
867052431
867054132
867120345
867135402
867140352
867142305
867145203
867154302
867210435
867215403
867240315
867250413
867251304
867315204
867324105
867325401
867340125
867340251
867342501
867345102
867350214
867350421
867354201
867410325
867415302
867420135
867421305
867423501
867430521
867453102
867514203
867524301
867532401
867540321
871046325
872051346
872146305
872160345
872316405
872360541
874013256
874130256
874532601
875014236
875014623
875016243
875026413
875042361
875046123
875062314
875063412
875064132
875064321
875126304
875146203
875160324
875246301
875260341
875260413
875321604
875420361
875423601
875426103
875430621
875460123
875462301
875463102
875612304
875614203
875620314
875624301
875634102
875640213
875640321
876013452
876014253
876015342
876021345
876025314
876025431
876031425
876032451
876035241
876042531
876045321
876052341
876053142
876053421
876130245
876135204
876140253
876143205
876145302
876153402
876154203
876210345
876215304
876241305
876250314
876310425
876320451
876321405
876352401
876420315
876420531
876432501
876450321
876520341
876524103
876542301
876543102
