102345687
102345768
102346857
102347865
102354786
102356874
102364758
102436875
102456837
102457863
102463785
102465873
102468753
102483675
102543867
102548763
102563487
102563748
102564837
102567843
102573684
102638754
102648573
102653478
102673485
102674835
102675843
102683745
102687543
102734658
102738645
102743568
102748365
102748536
102753864
102758463
102763458
102763845
102764385
102764538
102765483
102834675
102835764
102837654
102843576
102853467
102856473
102863547
102873456
102875634
102876543
103246875
103248765
103254687
103254768
103264785
103264857
103265874
103426785
103427658
103428675
103428756
103465827
103475286
103475862
103482765
103485726
103524786
103526748
103528476
103564872
103624587
103624758
103627485
103628745
103645287
103682754
103745268
103748625
103758264
103758642
103762854
103764582
103768524
103784526
103785462
103786542
103826475
103826547
103827645
103845627
103862574
103862745
103865247
103867254
103872465
103872546
104325867
104326758
104327685
104368275
104372865
104523876
104536287
104538762
104562873
104628375
104635278
104638572
104652837
104723658
104725836
104736258
104738526
104752386
104752638
104762583
104782365
104782536
104825376
104825763
104826735
104835267
104835672
104853276
104863725
104865732
104873652
104875236
105236487
105246837
105324876
105328746
105346872
105432687
105432768
105437862
105472863
105637824
105643827
105736284
105736428
105738462
105738624
105743286
105743628
105782463
105823764
105826743
105834276
105862734
106328754
106342875
106432857
106534827
106572843
106723854
106734285
106734528
106738542
106823745
106832475
106853724
106854732
106873254
107423685
107432865
107634825
107652843
107823654
107832645
108234765
108273654
108342765
108425736
108426753
108523746
108532764
108623475
108632574
108672543
108723564
108724653
108732465
108732546
108735642
108742635
108743652
123046785
123047586
123047658
123048675
123057468
123058476
123074856
123084576
123084657
123086475
123086547
123087645
123470658
123476508
123480756
123486705
123540786
123546708
123567408
123570468
123574608
123580476
123580647
123640587
123640758
123648705
123654708
123658407
123680745
123687405
123754806
123840576
123840657
123850674
123854607
123857406
123874506
123875604
123876405
124035678
124037856
124068753
124073658
124073865
124075836
124076385
124085376
124086735
124350867
124356708
124365807
124370685
124370856
124387605
124530876
124573806
124637805
124678305
124680375
124730865
124736508
124750836
124753608
124785603
124830756
124835607
124850763
124853706
124865703
124870653
125036784
125036847
125043786
125046873
125063874
125086743
125346807
125348706
125374806
125380746
125640837
125738406
125740386
125740638
125780643
125784306
125830476
125830764
125863704
126034785
126035874
126053847
126054873
126073485
126083745
126358704
126380754
126435807
126470853
126540873
126730854
126738504
126740583
126753804
126784503
126830745
126850734
126873504
127083654
127430685
127483605
127640853
127643805
128035476
128037654
128045736
128046753
128053674
128073564
128074653
128450736
128456703
128530746
128543706
128630475
128634705
128650743
128673405
128730564
128735604
128753406
128754603
128760543
132045786
132046875
132054876
132085476
132087654
132468705
132480765
132748605
132850476
132850764
132857604
132874605
132875406
134056728
134057682
134065278
134067285
134068572
134068725
134075862
134076258
134076825
134078526
134085267
134085672
134257608
134258706
134260785
134278605
134280675
134286705
134520867
134560287
134562807
134568702
134570826
134580762
134586207
134650278
134670285
134670528
134680572
134680725
134687205
134720568
134728506
134760258
134760825
134762508
134820657
134826507
134850267
134850672
134867502
134870256
135026748
135027684
135028764
135042687
135042768
135047862
135048726
135064872
135067824
135076284
135076428
135078462
135078624
135084276
135260487
135264807
135270846
135286407
135427608
135428706
135462708
135467802
135482607
135620478
135640872
135670824
135672408
135740682
135760284
135760428
135768402
135780246
135780624
135784602
135820467
135846207
135862407
135870426
135870642
135874206
136024587
136024758
136042857
136045872
136054827
136074285
136074528
136078542
136245807
136270854
136427805
136452807
136520487
136540827
136570842
136720458
136740285
136740528
136748502
136780254
136785402
136850274
136870524
137024685
137042865
137052684
137064825
137425806
137462805
137520684
137520846
137620548
137640825
137650842
137820564
137862504
138054726
138062574
138064752
138072465
138072546
138075642
138240765
138264705
138524706
138562704
138624507
138670542
138674205
138725406
138726504
138742506
138745602
138762405
142036857
142037865
142056387
142057683
142068573
142078365
142078536
142350687
142350768
142360857
142365708
142367805
142385607
142563807
142568703
142570836
142580763
142670538
142675308
142680573
142738506
142756308
142763508
142768305
142860375
142865307
142867503
142870635
143025786
143026875
143075826
143085762
143086725
143268705
143280765
143285706
143728605
143826705
143850762
143856207
143860725
143865702
143870265
145026837
145036287
145063827
145073286
145073628
145082763
145230687
145230768
145260837
145270863
145320786
145360872
145376802
145623807
145637802
145723608
145736208
145738602
145780263
145786302
145862703
146032875
146053872
146082735
146083275
146230857
146320875
146530872
146730582
146783502
146820735
146830275
146850723
146873205
147083625
147230865
147630852
147823605
147830625
148062753
148073652
148325706
148362705
148720635
148730265
148732605
148753602
152036487
152043687
152043768
152046837
152047863
152064873
152078463
152083674
152360874
152376804
152430687
152430768
152460837
152463708
152467803
152483607
152637804
152640873
152673408
152736408
152738604
152740683
152768403
152784603
152786304
152830674
152863407
152873604
153046872
153064827
153074286
153074628
153082764
153086274
153086742
153246807
153270864
153624807
153640827
153724608
153740286
153740628
153780264
153860274
153860742
153862704
153876204
154032876
154320876
154372806
154782306
154826703
154830762
156042873
156083724
156230874
156430827
156782403
156823704
156834702
156840732
158072643
158720643
158742603
162034587
162034758
162043857
162048753
162054837
162057843
162073845
162074385
162074538
162075483
162345807
162370854
162430857
162450873
162453807
162475803
162483705
162540837
162547803
162578403
162740385
162740538
162750483
162780354
162780435
162835407
162870453
163024785
163028754
163042875
163045827
163074582
163082745
163085247
163085724
163087254
163240785
163280754
163420875
163540872
163574802
163724805
163740582
163740825
163780524
163820745
163825704
163850247
163857204
164023875
164072583
164082375
164083725
164085732
164230875
164520873
164572803
164720583
164780532
164820375
164835702
164872305
165830742
168032754
172034685
172053846
172063485
172063548
172064835
172065843
172083564
172084653
172435806
172460853
172530684
172530846
172543806
172583604
172630548
172640835
172643508
172645803
172683405
172830564
172835604
172840653
172854603
172860543
173045862
173052864
173064285
173064852
173085426
173085642
173086524
173240865
173264805
173640285
173640852
173654802
173680254
173682504
173825406
173826504
173850426
173850642
173860524
174062853
174082635
174620853
174652803
174820635
174832605
178043625
182043756
182045763
182063745
182067543
182340765
182364705
182473605
182534706
182560743
182573406
182634507
182647503
182674305
182675403
182735406
182736504
182740563
182760453
183042765
183054762
183064725
183074265
183425706
183462705
183620754
183624705
183640725
183674502
183720645
183740265
183742605
183750624
183764205
184035276
184052763
184672503
184723605
184730625
184750632
186072543
186720543
186742503
201354876
201463875
201473685
201485736
201486753
201583746
201683475
201738654
201783564
201784653
201834765
201853764
203146785
203148756
203154678
203156748
203157846
203164587
203165478
203165784
203167485
203167548
203168745
203174568
203175864
203176458
203184657
203185467
203187564
203415786
203416875
203468175
203475168
203485617
203485761
203486157
203487165
203514876
203546187
203567184
203578164
203581764
203618754
203654187
203671854
203674158
203678514
203681574
203714865
203754816
203756184
203765148
203768154
203781465
203781546
203814756
203815476
203856714
203861475
203865417
203865741
203867514
203871645
204138657
204153687
204153768
204158736
204163857
204168375
204176853
204178635
204375186
204385716
204536178
204637158
204637815
204718653
204731865
204735168
204735681
204736518
204753186
204781635
204813765
204815736
204831756
204835617
204836157
204837165
204853716
205134687
205134768
205137486
205137648
205137864
205143867
205146738
205173846
205183764
205184736
205436187
205438176
205734186
205738416
205834716
205836174
205843176
206134857
206135748
206137584
206143758
206145837
206147853
206158743
206184753
206453187
206538174
206738514
206783154
206834175
207136854
207153486
207153648
207163584
207613854
207643815
207843165
208134675
208135764
208163475
208164735
208165743
208173645
208314765
208345176
208461753
208473165
208563174
208631754
208653147
208713465
208713546
208731645
208741653
208753416
208753641
208763514
213048765
213074658
213074865
213468705
213485706
213540876
213574806
213680754
213740658
213754608
213780645
213854706
213870654
214035687
214035768
214036857
214037865
214075386
214085736
214356807
214370865
214830765
214850736
215036874
215043876
216034875
216083754
216830754
216853704
218053764
218673504
218734605
218750643
231078654
231084765
231758604
231784605
231840765
231860754
234018657
234051768
234056817
234057186
234067158
234067815
234071865
234075681
234076518
234081756
234085617
234085761
234086157
234158607
234560178
234576108
234610857
234615708
234657108
234670815
234671508
234710586
234750168
234750681
234756801
234760518
234761805
234765108
234780156
234810675
234817506
234850617
234851706
234860157
234865701
234867105
235014687
235014768
235017486
235017648
235017864
235078416
235084716
235147608
235164708
235167804
235176408
235178604
235184607
235187406
235460187
235478106
235486107
235680147
235710468
235716804
235740186
235780416
235780641
235784106
235810764
235816407
235840716
235860174
235876104
236014857
236015748
236017584
236054187
236075184
236078514
236140857
236145708
236150487
236170845
236174508
236187504
236578104
236580174
236710548
236714805
236780514
236815704
236840175
236874105
237016854
237140865
237150684
237156804
237164805
237680154
238014675
238015764
238041765
238057164
238074165
238140675
238150647
238154706
238160574
238165704
238170465
238170546
238410765
238461705
238617504
241053876
241380765
241730658
243065178
243067185
243081765
243085167
243157608
243158706
243160785
243180675
243560187
243586107
243615807
243715608
243756108
243780165
243816507
243817605
243856701
243861705
245013867
245016738
245036178
245083176
245130678
245137806
245160738
245163807
245180763
245310876
245630187
245713806
245730816
245836107
245873106
246013758
246015837
246017853
246035187
246083715
246138705
246150837
246153708
246157803
246730185
246783105
246810753
246830715
247083165
247130856
247135608
247180653
247613805
248056173
248071653
248350176
248375106
248635107
248670153
248715306
248716503
248735601
248751603
253014867
253016487
253017684
253017846
253064187
253068174
253084176
253086714
253140867
253146708
253147806
253160487
253160748
253170684
253186407
253187604
253714806
253718604
253760184
253786104
253810746
253840176
253860714
253874106
254073186
254136807
254170863
254813706
256013847
256130784
256130847
256143807
258043176
258136704
258140763
258430176
258473106
258713406
261073854
261430875
261473805
261843705
263018574
263045718
263045871
263051874
263054178
263075148
263078154
263085417
263085741
263087514
263148705
263150784
263178504
263180574
263457108
263480175
263570184
263587104
263714508
263750148
263758104
263781504
263810475
263810547
263850417
263850741
263870514
264018753
264031875
264130785
264158703
264180753
265013874
265130874
265173804
268014735
268015743
268034175
268073514
268140735
268145703
268530174
268573104
268710543
268730514
271083654
271430685
271483605
271643805
271830654
271853604
273014856
273018465
273018546
273061854
273068514
273085146
273086154
273140856
273148506
273154806
273156408
273164508
273168405
273180465
273180546
273415806
273450168
273465108
273516804
273568104
273580164
273610548
273615408
273645801
273651804
273680514
273845106
273860154
274013865
274031685
274130865
274163805
276053184
276134805
276150843
276813504
278063154
278630154
278653104
281035476
281045736
281046753
281053674
281073564
281074653
281450736
281456703
281530746
281543706
281630475
281634705
281650743
281673405
281730564
281735604
281753406
281754603
281760543
283046157
283047165
283054716
283056417
283057614
283061574
283064751
283071465
283071546
283165407
283167504
283415607
283450617
283450761
283460157
283465701
283467105
283510764
283561704
283564107
283570146
283610574
283670541
283675401
283741506
283756401
283761405
283764501
284036175
284036751
284061375
284061753
284071635
284315706
284350716
284360751
284710635
284730651
284735106
285031746
285140736
286031754
286043175
286140753
287013654
287130654
287153604
301254786
301264758
301264875
301862475
301862754
301872645
302145867
302146758
302147685
302158746
302168754
302174865
302415876
302648175
302748615
302814765
302845176
302871654
304126857
304127865
304152786
304156287
304158762
304162758
304167852
304176582
304178265
304186275
304187625
304215678
304217856
304256178
304271658
304275168
304275816
304286715
304287165
304618275
304621875
304718625
304721685
304725186
304762185
304781652
304785216
304815762
304826175
304826751
304862715
304875612
305126487
305146782
305146827
305162847
305172486
305172648
305184762
305216784
305216847
305241786
305246187
305248176
305274186
305286174
305821746
306148752
306172584
306174852
306185742
306214785
306215874
306241875
306258174
306284175
306821754
307124685
307162854
308125746
308126754
308152764
308174625
308217654
308245716
308246175
308254176
308412765
308624175
308714652
308724615
312064875
312084765
312450876
312475806
312840765
312845706
314025867
314026758
314027685
314052876
314076285
314078625
314085276
314250867
314256708
314265807
314270685
314270856
314287605
314678205
314680275
314720658
314725806
314780625
314826705
314850276
314875206
315024876
315028746
315240876
315248706
315274806
315280746
316028754
316258704
316280754
324015687
324015768
324016857
324017865
324056187
324061875
324085716
324150687
324150768
324160857
324165708
324167805
324185607
324750186
324781605
324785106
324850716
324860751
325016874
325140786
325160874
325176804
326014875
326140875
326174805
328064175
328145706
328160754
328714605
341082765
341825706
341860275
341862705
341870625
342015867
342016758
342017685
342065187
342076185
342078615
342150867
342156708
342170856
342175608
342187605
342678105
342680175
342710658
342715806
342780615
342816705
342850176
342875106
345016782
345016827
345021786
345026187
345028176
345072186
345086172
345120687
345120768
345160782
345160827
345170286
345170628
345170862
345210867
345216708
345260187
345278106
345281706
345286107
345718206
345810276
345812706
345820716
346018752
346021875
346150872
346158702
346182705
346210758
346215807
346270185
346271805
347210685
348015276
348025716
348026175
348061275
348170652
348250716
348260751
348265107
348270615
348276105
348721605
352014876
352018746
352140876
352148706
352174806
352186704
354016872
354160872
354176802
354210876
356012874
356120874
356172804
356180724
358014726
358124706
358140726
358210746
362018754
362150874
362158704
362184705
364015827
364017852
364025187
364078215
364081275
364082715
364128705
364150827
364157802
364180725
364250187
364270158
364285107
364720185
364782105
364810275
364810752
364820715
364871205
368014752
368140752
368154702
368210754
374015286
374015628
374018652
374026185
374028615
374081625
374082165
374125608
374150286
374150628
374158602
374180652
374185206
374218605
374260185
374280615
374286105
374612805
374810625
374821605
378012654
378120654
378152604
381054726
381064752
381240765
381264705
381724605
382015476
382041765
382170654
384056172
384071652
384075216
384256107
384270165
384625107
384670152
384710265
384716502
384725601
384750216
384751602
385016724
385042176
385126704
385140762
385160724
385712406
386014725
386052174
386124705
386140725
386150742
386712504
401238765
401273865
401532876
401623875
401682753
401723685
401782635
401825736
401826753
401835276
401853726
401872653
402135687
402135768
402153786
402158763
402163758
402165837
402167853
402175386
402175638
402176583
402315786
402316875
402368175
402385176
402713865
402763185
402781653
402813756
402831765
402863715
403125867
403126758
403127685
403152876
403185276
403215687
403215768
403216857
403217865
403256187
403281765
403285716
403628175
403715286
403728615
403812765
403825176
405123876
405128736
405136872
405186732
405213786
405231876
405312876
405318726
406128753
406172853
406183752
406273185
407132685
407213685
408152736
408215736
408216753
408235176
408273615
408321765
408632175
408712653
408732615
412038765
412053687
412053768
412063857
412073586
412083756
412368705
412380765
412536807
412570863
412730865
412763805
412830756
412850763
412873605
413056287
413082765
413250687
413250768
413260857
413265708
413267805
413285607
413625807
413725608
413750286
413785206
413826507
413827605
413856702
413860275
413862705
413870625
415036827
415320876
415372806
415832706
416023875
416230875
416273805
418063275
418235706
418260753
418723605
421063875
421783605
421835706
421860753
423015867
423016758
423017685
423065187
423076185
423078615
423150867
423156708
423170856
423175608
423187605
423510876
423678105
423680175
423710658
423715806
423780615
423816705
423850176
423875106
425013876
425018736
425136807
425138706
425173806
425186703
426018753
426150873
426158703
426183705
428031765
428053176
428170653
428310765
432075186
432156807
432170865
432815706
435021876
435120786
435216807
435270186
435271806
435810726
436012875
436120875
436172805
438062175
438125706
438160752
438712605
451023876
451230876
451273806
452016873
452160873
452176803
453180726
461032875
461083275
461830275
461873205
462015837
462017853
462035187
462083715
462150837
462157803
462730185
462783105
462810753
462830715
463210875
468012753
468023175
468120753
468152703
468230175
468273105
471032685
471083625
471823605
471830625
472018653
472083165
472135608
472158603
472180653
472613805
473025186
473250186
473285106
481052736
481053276
481062375
481072635
481325706
481360752
481620753
481652703
481720635
481730652
481762503
482056173
482071653
482350176
482375106
482635107
482670153
482715306
482716503
482735601
482751603
483015762
483025716
483150276
483175206
483215706
483260175
483261705
483721605
485013726
485123706
485130726
501263874
501823746
502136874
502163847
502173486
502173648
502184763
502186734
502613874
503124876
503128746
503214786
503218764
503276184
503816724
504182736
504213876
506182743
508132746
508213746
512046873
512073846
512083764
512630874
512673804
512863704
513024867
513026487
513027684
513027846
513076284
513086724
513264807
513268704
513270846
513280764
513728604
513820746
513860724
514036872
516032874
523018746
523086174
523140876
523148706
523186704
534180726
536210874
542013876
542130876
542173806
581032746
582013674
582043176
582136704
582140763
582713406
583012764
583014726
583016274
583124706
583140726
601253847
601324875
601382754
601472853
601483275
601732854
601743285
601832745
601842753
601853274
602145873
602178543
602183475
602415837
602417853
602473185
602513847
602583174
602713485
602783514
602813574
602814753
602843175
603124785
603125874
603154872
603174825
603214758
603218574
603257184
603281754
603415287
603421875
603815427
603815742
603817524
603874215
604152873
604235817
604237185
604315827
604328175
604372185
604812735
604831725
605132874
607243185
608143275
608152743
608253174
608423175
612035487
612045837
612047853
612053784
612073548
612083574
612084753
612450837
612457803
612530847
612543807
612730485
612734805
612750843
612783405
612830574
612835704
612853407
612854703
612870543
613025478
613027548
613045872
613052874
613054827
613057284
613074852
613085427
613085742
613087524
613278504
613280574
613450287
613485207
613528704
613745208
613780254
613782504
613820475
613820547
613850427
613850742
613870524
614037852
614072385
614072853
614082735
614325807
614350827
614370852
614820735
614830752
614835207
615032847
617032854
618023754
618230754
618253704
621083754
621830754
621853704
623014785
623015874
623041875
623058174
623074815
623085147
623087154
623140785
623150748
623154807
623170584
623175804
623415807
623471805
623710854
623718504
623810745
623845107
623870154
624035187
624130875
624138705
624180735
624378105
624380175
625180743
628073154
628143705
628430175
628473105
631042875
631420875
631472805
632014875
632140875
632174805
632810754
634015287
634025817
634027185
634071285
634081725
634082175
634180275
634180752
634250817
634270851
634275108
634280715
634287105
634710285
634815702
634820175
634821705
635210847
635240187
637210854
638012754
638120754
638152704
641073285
641083725
641235807
641270853
641823705
641830725
642083175
642180753
642310875
643025187
643250187
643285107
652073184
652134807
652170843
652813704
671023854
671043825
671230854
671253804
672013584
672013845
672130584
672183504
673012854
673018524
673084215
673124805
673140825
673245108
673280154
673814205
681032475
681052743
681073254
681243705
681320754
681352704
681430275
681473205
681732504
682014735
682015743
682034175
682073514
682130475
682140735
682145703
682173405
682413705
682530174
682573104
682710543
682730514
683012574
683014752
683015247
683017254
683021754
683024715
683074125
683140752
683145207
683154702
683170254
683210754
683240715
684012375
684012753
684031275
684120753
684152703
701253486
701253648
701263584
701324685
701382645
701482653
701623548
701632584
701632845
701642853
701682543
701683245
701683524
701843265
701852643
702143865
702153684
702183564
702184653
702415638
702418653
702513486
702513648
702513864
702614853
702618543
702683415
702813465
702813546
702814635
702815643
702843615
703124865
703185426
703185642
703186524
703218465
703218546
703245168
703258164
703264815
703415268
703415826
703421685
703516824
703518264
703612548
703615428
703615842
703624185
703681254
703682514
703814652
703821654
704138625
704182635
704235618
704315286
704315628
704318652
704328615
704381625
704612835
704631825
704812653
706213854
708123654
708132645
708231654
708312654
708423615
708431625
708613254
708643215
712034865
712035468
712045386
712045638
712046583
712064853
712068543
712084635
712085643
712450638
712453806
712458603
712530486
712530648
712530864
712543608
712563804
712583406
712634508
712635804
712648503
712653408
712654803
712830465
712830546
712840635
712843506
712845603
712863405
713024568
713026458
713045682
713045826
713052684
713054286
713054628
713056824
713062548
713065428
713065842
713085246
713086254
713248506
713256408
713264508
713268405
713280465
713280546
713420865
713428605
713450268
713450826
713465208
713480625
713520846
713528406
713560824
713568204
713580264
713620485
713642508
713650428
713650842
713684502
713840652
713845206
713854602
713860254
713862504
714028635
714036582
714038265
714062835
714082365
714235806
714325608
714350286
714350628
714358602
714380652
714385206
714620835
714630852
714635208
714638502
714682503
714820653
714852603
715032486
715032648
716032584
716082543
718023645
718034625
718052643
718320654
718352604
718632504
721063854
721083645
721630854
721653804
723014658
723014865
723041685
723045186
723085416
723085641
723086514
723160854
723164805
723180645
723415608
723481605
723610584
723610845
723640185
723680154
723681504
723845601
723851604
724031658
724035816
724036185
724318605
724380615
724638105
726043185
728130654
728153604
728413605
728430615
728613504
728643105
731042685
731082654
731420685
731482605
731820654
731852604
732180654
732610854
734015268
734018625
734025618
734061825
734081265
734082615
734128605
734185602
734250618
734280165
734280651
734615802
734621805
734680215
734810265
734820615
735210486
735210648
736210584
738021654
738214605
738251604
738610524
741063825
741083265
741235608
741280653
741623805
741630825
742083615
742310685
748013625
748123605
748130625
762013854
762130854
762153804
763014285
781023465
781023546
781024635
781032564
781034652
781053264
781053426
781053642
781062543
781063245
781063524
781234605
781250643
781320645
781342605
781420653
781435602
781452603
781620543
781630245
781630524
781632405
781640253
781642503
782013456
782015634
782016543
782031654
782043165
782063415
782130564
782135604
782140653
782154603
782163504
782513604
782610453
782614503
782630415
783012465
783012546
783021645
783045162
783052164
783061254
783062514
783125406
783126504
783150426
783150642
783160524
783240165
783264105
783415206
783516204
783610542
783615402
783620514
783645201
783651204
784013652
784015236
784035612
784120635
784132605
784310625
784321605
784612305
784631205
801263475
801264735
801265743
801273645
801325746
801326754
801345276
801352476
801435726
801436752
801453762
801473265
801523764
801532674
801542763
801543726
801563274
801623574
801624375
801624753
801642735
801643752
801653247
801672453
801673542
801725643
801732456
801734265
801745632
801752463
801752634
801754236
802134765
802163574
802173465
802173546
802174635
802175643
802314675
802315764
802345716
802413576
802435176
802453716
802463751
802473615
802514763
802516473
802516734
802614573
802615437
802617453
802653174
802714536
802715346
802715463
802734615
802741635
802751643
803125476
803127654
803154276
803164725
803174652
803245617
803245761
803251764
803265147
803267154
803275416
803275641
803276514
803415627
803416257
803417265
803426751
803461752
803521746
803615472
803617542
803621475
803624715
803714256
803714562
803716452
803721564
803724165
803724651
803725614
803754612
803764215
804135762
804172653
804215376
804235167
804237615
804251736
804253176
804325176
804372615
804512736
804635217
804712563
804713265
804715623
804716532
804721653
804732651
804735126
805234176
805236714
805243716
805316724
805341726
805413726
805421736
805431276
805712436
805731426
805731642
806234715
806251743
806273154
806314725
806421753
806512743
806712534
806731524
807132654
807243615
812034756
812035647
812036574
812045673
812056734
812064573
812065437
812067453
812074536
812075346
812075463
812340675
812350764
812356407
812365704
812370465
812374605
812430576
812473506
812534607
812560473
812560734
812564703
812570643
812576403
812640573
812650437
812657403
812670534
812675304
812736405
812740365
812740536
812750346
812764305
812765403
813024576
813025467
813027564
813042756
813046257
813046725
813047265
813054672
813056427
813056742
813057624
813062745
813065472
813065724
813067542
813074256
813074562
813076452
813265407
813267504
813425607
813450627
813452706
813460257
813460725
813467205
813472605
813546702
813560742
813564207
813570246
813572406
813624507
813642705
813647502
813650472
813650724
813670425
813740256
813740562
813750264
813760452
814025763
814036275
814037625
814052673
814053762
814056372
814072563
814073265
814075623
814076532
814250376
814275306
814520736
814532706
814623705
814625307
814650732
814670352
814673502
814720563
814730526
814750623
814752306
814756203
814760532
814763205
815024736
815034762
815042376
815042763
815046732
815072436
815240736
815326704
815340762
815360724
815423706
815430726
815720436
815730462
815736204
815743206
816024753
816035742
816042735
816043275
816043752
816052374
816072534
816240753
816324705
816340725
816350742
816520743
816542703
816720534
816730542
816734205
816752403
817043625
821063574
821064375
821073465
821073546
821074635
821075643
821345706
821360754
821530764
821563704
821630574
821670543
821730465
821730546
821740635
821743506
821745603
821763405
823014675
823015764
823017654
823046751
823051674
823051746
823054176
823071564
823074165
823075614
823150476
823150764
823157604
823174605
823175406
823456701
823460175
823510674
823516704
823541706
823615407
823640715
823650741
823671405
823710456
823714506
823740651
823745106
823750614
823761504
823764105
824036715
824071653
824135706
824350176
824375106
824610735
824713605
824751603
825041736
825310476
825416703
825431706
825610743
825710634
826013754
826041753
826043715
826413705
826451703
826710543
831025476
831045726
831046752
831052674
831052746
831072564
831074652
831270654
831450726
831456702
831520746
831542706
831620475
831624705
831650742
831672405
831720564
831725604
831740652
831754602
831762504
832014765
832051764
832074615
832510764
832610574
832671504
832710465
832710546
832740615
832750641
834015627
834025167
834027615
834056271
834065217
834072651
834075126
834076215
834126705
834150762
834156207
834165702
834170265
834217605
834250167
834270156
834275601
834510726
834610752
834650217
834670251
834675102
834720165
834726501
834750126
834752601
835016274
835024176
835026714
835041276
835071426
835071642
835240761
835246107
835260714
835274106
835410762
835416207
835420716
835471206
835610247
835712604
835716402
835721406
835741602
836014275
836024715
836051274
836071524
836240715
836250174
836250741
836510274
836714502
836721504
837610254
841035762
841052763
841056273
841075632
841350276
841375206
841635207
841670253
841672503
841725306
841726503
841750632
842015376
842035716
842061375
842071635
842350716
842360175
842360751
842610375
842610753
842715603
842731605
843015726
843075216
843125706
843256107
843270165
843710652
845023716
845031726
845130276
845213706
845236701
845316702
845321706
845710236
845730612
846023175
846230175
846230751
846273105
846310752
851034726
851042736
851043276
851062743
851073426
851073642
851236704
851240763
851324706
851340726
851420736
851430276
851432706
851473206
851620743
851642703
851723406
851730426
851730642
851743602
852013764
852130764
852163704
852310746
853024716
853026174
853214706
853240716
853260174
853276104
861024735
861025743
861034275
861034752
861043725
861052473
861072543
861073524
861240735
861245703
861340752
861354702
861423705
861450732
861530274
861573204
861720543
861730524
861742503
862013745
862043175
862310754
862430175
862473105
863012754
863024751
863025147
863027154
863045217
863120754
863140725
863240751
863250147
863254701
863257104
863714205
863740215
864021753
864032175
864210753
864251703
864320175
864372105
871032654
871063254
871630254
871653204
872053164
872134605
872150643
872613504
873014265
873021654
873210654
873245601
873251604
873624105
