102364875
102384765
102438765
102453687
102453768
102463857
102546873
102573846
102583764
102645837
102647853
102673548
102683574
102745386
102745638
102746583
102768543
102784635
102785643
102835476
102853674
102854763
102856734
102873564
102874653
103274865
103524867
103526487
103527684
103527846
103625478
103627548
103654827
103674285
103674852
103684725
103724568
103726458
103754286
103754628
103764825
103784265
103825467
103827564
103845762
103846725
103852764
103856274
103856742
103865724
103875426
103875642
103876524
104235687
104235768
104236857
104237865
104325786
104326875
104352876
104536872
104637852
104672853
104728635
104736582
104738265
104836275
104837625
104862375
104872635
105236874
105243876
105436827
105632847
105732486
105732648
105824736
105834762
105842763
105846732
106234875
106423875
106532874
106732584
106782543
106824753
106835742
106842735
106843275
106843752
107632854
107843625
108623754
108723645
108734625
108752643
123048756
123054786
123054867
123056748
123057846
123064587
123064758
123065478
123067485
123067548
123068745
123074568
123076458
123085467
123087564
123457608
123458706
123460785
123478605
123480675
123540867
123547806
123560487
123560748
123570684
123578406
123584706
123586407
123587604
123647508
123650478
123670485
123684507
123740568
123760458
123846507
123847605
123850467
123860475
123860547
123870564
123870645
124035867
124036758
124037685
124053876
124068375
124078635
124350786
124360758
124360875
124376805
124385706
124730658
124735806
124780635
124836705
124860735
125034876
125038746
125084736
125340876
125834706
125846703
125860743
126038754
126073854
126084753
126430875
126473805
126843705
126854703
127043685
128053746
128063475
128073645
128435706
128460753
128630754
128653704
128730645
128740653
128763504
132048765
132870654
134026857
134027865
134056287
134058762
134067852
134076582
134078265
134086275
134087625
134250687
134250768
134260857
134265708
134267805
134285607
134560872
134576802
134657802
134675208
134678502
134756208
134760582
134768205
134780526
134827605
134865207
134875602
134876205
135026487
135046827
135062847
135072486
135072648
135084762
135260874
135276804
135420687
135420768
135460827
135470862
135627804
135642807
135726408
135728604
135742608
135780462
135786204
135840276
135864702
136072584
136085742
136240875
136274805
136420857
136524807
136572804
136724508
136780542
136784205
136845702
137062854
137420865
137624805
137652804
138024765
138052764
138074625
138520764
138620574
138672504
138720465
138720546
138740625
138750642
142035687
142035768
142058763
142065837
142067853
142075386
142075638
142076583
142356807
142370865
142560873
142576803
142650837
142657803
142678503
142750386
142750638
142760583
142780365
142780536
143028765
143085276
143850276
143875206
145023876
145036872
145086732
145236807
145273806
145630827
145730286
145730628
145783206
145820763
145860732
146083752
146832705
146853702
148032765
148320765
148730652
152036874
152063847
152073486
152073648
152084763
152086734
152436807
152470863
152630847
152643807
152730486
152730648
152743608
152780463
152860734
152864703
153024876
153240876
153274806
153784206
153820764
153846702
154082736
154820736
154832706
156082743
156820743
156830724
156842703
162045873
162078543
162083475
162340875
162374805
162534807
162570843
162734508
162748503
162784305
162785403
162830475
162873405
163054872
163074825
163284705
163784502
163842705
163845207
163850724
163870254
164052873
164782503
164823705
164830725
164850732
172043865
172053684
172083645
172430865
172463805
172634805
172650843
172830645
172843605
172863504
173024865
173082654
173684205
173820654
173845602
173852604
182034765
182063574
182073465
182073546
182074635
182075643
182530764
182563704
182630574
182670543
182730465
182730546
182740635
182743506
182745603
182763405
183074652
183420765
183740652
183754602
184072653
184720653
184752603
201683754
201783645
201873654
203146857
203147865
203154867
203156487
203157684
203168574
203174856
203178465
203178546
203418765
203465187
203586174
203674815
203685147
203687154
203714658
203745186
203785416
203785641
203786514
203841765
203845716
203854176
203861754
203874165
204135678
204137856
204168753
204173865
204315876
204381765
204635187
204731658
204735816
204736185
204836715
205136784
205136847
205143786
205163874
206134785
206135874
206153847
206743185
206813754
206843715
207183654
208137654
208145736
208146753
208431765
208453176
208673154
213054876
213480765
214350876
214375806
214835706
218073654
218730654
218753604
231780654
234015678
234017856
234056178
234071658
234075168
234075816
234086715
234087165
234150678
234157806
234180657
234617805
234650187
234670158
234685107
234710865
234716508
234750816
234751608
234760185
234785601
234786105
234810756
234815607
234856107
234860715
234870165
235016784
235016847
235046187
235048176
235074186
235086174
235140687
235140768
235160784
235160847
235170486
235170648
235170864
235480176
235718406
235814706
236014785
236015874
236058174
236084175
236140785
236150748
236154807
236170584
236175804
236718504
237160854
238017654
238150764
238157604
238174605
243015687
243015768
243016857
243017865
243056187
243085716
243150687
243150768
243160857
243165708
243167805
243185607
243750186
243785106
243810765
243850716
245013786
245130867
245136708
245183706
245830176
246073185
246130758
246135807
246170853
246813705
247013685
247130685
247183605
248015736
248016753
248035176
248073615
248150736
248156703
248630175
248673105
248710653
248730615
253014786
253018764
253076184
253140786
253164807
253168704
253170846
253180764
253184706
253816704
254013876
254130876
254173806
258013746
258130746
258143706
261043875
263014758
263057184
263081754
263140758
263154708
263450187
263485107
263745108
263780154
263815407
263817504
263845701
263851704
268053174
268134705
268150743
268713504
271043685
273015486
273015648
273016584
273045168
273058164
273064815
273150486
273150648
273160584
273185406
273186504
273610854
273618504
273640815
273840165
273864105
276013854
276130854
276153804
281053746
281063475
281073645
281435706
281460753
281630754
281653704
281730645
281740653
281763504
283045617
283045761
283051764
283065147
283067154
283075416
283075641
283076514
283456107
283470165
283560174
283576104
283650147
283657104
283671504
283710465
283710546
283750416
283750641
283760514
284035716
284310765
284361705
284731605
301284765
301842765
302145786
302146875
302154876
304125687
304125768
304156872
304165827
304175286
304175628
304178652
304215867
304216758
304217685
304265187
304276185
304278615
304682175
304782615
304815276
304825716
304861275
304871625
305126874
305142876
305148726
305186724
305214876
305218746
306124875
306152874
306184725
306218754
308154726
308164752
308172654
308241765
312045876
314025786
314026875
314068275
314250786
314260758
314260875
314276805
314285706
314728605
324075186
324081765
324156807
324170865
324810765
324815706
324861705
328014765
328140765
328164705
341820765
342015786
342016875
342068175
342085176
342150786
342160758
342165807
342170685
342176805
342718605
345012876
345018726
345126807
345128706
345172806
345186702
345210786
345280176
346180752
346210875
348021765
348215706
348260175
348261705
352180746
362180754
364028175
364072185
364125807
364170852
364278105
364280175
364812705
374012685
374120685
374182605
381024765
384016752
384025176
384072615
384156702
384250176
384275106
384620175
384672105
384710652
384715206
384720615
385012746
385120746
385142706
386012754
386120754
386152704
401253876
401382765
401863275
401873625
402156873
402178653
402318765
402513876
402683175
402783615
403125786
403126875
403275186
403815726
405183726
406132875
406213875
408162753
408263175
412073865
412530876
412573806
412853706
413025687
413025768
413026857
413027865
413075286
413085726
413256807
413270865
413820765
413850726
415032876
418023765
418230765
418263705
421083765
421830765
421863705
423015786
423016875
423068175
423085176
423150786
423160758
423165807
423170685
423176805
423718605
425130876
425180736
426180753
432015876
432150876
432175806
435210876
438012765
438120765
438162705
462073185
462135807
462170853
462813705
472013685
472130685
472183605
481062753
481320765
481362705
481732605
482015736
482016753
482035176
482073615
482150736
482156703
482630175
482673105
482710653
482730615
483015276
483021765
483210765
502143876
503184726
503216874
512063874
513028764
513260874
513276804
513826704
523180746
582013746
582130746
582143706
601273854
601432875
601823754
601843725
602134875
602173584
602184735
602185743
602713854
602813745
603128754
603184275
603184752
603215847
603217854
603245187
603284715
603714285
603812754
603824175
604182753
604231875
604312875
608132754
608213754
612053847
612073485
612083745
612435807
612470853
612730854
612753804
612830745
612840753
612873504
613028574
613045287
613082754
613250847
613257804
613740285
613784205
613825407
613827504
613845702
613852704
614035827
614320875
614372805
614832705
623018754
623150874
623158704
623184705
623410875
623840175
623874105
624038175
628043175
634021875
634215807
634270185
634271805
634810725
641023875
641230875
641273805
652013874
652130874
652173804
673014825
673024185
673240185
673284105
681032754
681043275
682013475
682053174
682134705
682150743
682713504
683140275
683174205
683214705
701283654
701432685
701483625
701623854
701643825
701832654
702163854
702183645
702613584
702613845
703182654
703215486
703215648
703216584
703284165
703612854
703618524
703684215
703814265
703824615
704231685
704312685
708143625
712048653
712053486
712053648
712053864
712063584
712063845
712083465
712083546
712435608
712480653
712630584
712630845
712640853
712680543
712834605
712850643
713028465
713028546
713045268
713058264
713062854
713068524
713084652
713250486
713250648
713260584
713285406
713286504
713425806
713526804
713620548
713625408
713645802
713652804
713680524
713840265
713864205
714035286
714035628
714038652
714082653
714320685
714382605
714632805
718032654
723064185
723081654
723410685
723684105
723810654
723814605
723840615
724038615
728013654
728043615
734021685
734180625
734215608
734281605
734610825
738210654
741023685
741230685
741283605
781032645
781042653
781230654
781253604
781423605
781430625
781623504
781643205
782013564
782014653
782130645
782143605
782613405
783015426
783015642
783016524
783024165
783064215
783120654
783145602
783152604
783610254
783612504
783640215
784012635
784031625
801245736
801246753
801354726
801364752
801452736
801453276
801532746
801632475
801652743
801673254
801723465
801723546
801724635
801732564
801734652
801753426
801753642
801762543
801763524
802153764
802315476
802341765
802463175
802513674
802614735
802615743
802713456
802715634
802716543
802731654
803254716
803256174
803264751
803271654
803415762
803425716
803512764
803514726
803516274
803612574
803614752
803615247
803617254
803621754
803712465
803712546
803721645
804135276
804236175
804236751
804261753
804316752
804362175
804612375
804612753
804631275
804713652
804715236
804735612
805231746
805312746
806231754
806243175
806312754
812034675
812035764
812043576
812054763
812056473
812064735
812065743
812073456
812075634
812076543
812350476
812375406
812530674
812536704
812540763
812573604
812635407
812640735
812645703
812670453
812674503
812730456
812734506
812745306
812746503
812750463
812750634
813045627
813062574
813065247
813067254
813072465
813072546
813450762
813456207
813465702
813470265
813520764
813524706
813540726
813560274
813562704
813576204
813620574
813640752
813650247
813654702
813657204
813670542
813675402
813742506
813754206
813756402
813762405
813764502
814025376
814052736
814073652
814075236
814356702
814620375
814620753
814652703
814672305
814725603
814730265
814736502
814750236
814753602
814762503
815036724
815043726
815320746
815342706
815732406
816034725
816052743
816320754
816352704
816732504
821034765
821053764
821340765
821364705
821673504
821734605
821750643
823015476
823045716
823061475
823061754
823064715
823071645
823170654
823450716
823460751
823510746
823610475
823614705
823651704
823710564
823715604
823741605
824035176
824710653
825410736
826410753
831062475
831062754
831072645
831425706
831460752
831620754
831652704
831720645
831742605
832071654
832714605
832751604
834015762
834026175
834026751
834075612
834150276
834175206
834256701
834265107
834270615
834276105
834615207
834671205
834720651
834725106
834750612
835021746
835216704
835240176
835241706
835410276
835710426
835710642
836021754
836214705
836251704
836710524
841025736
841026753
841035276
841072653
841250736
841256703
841630275
841673205
841720653
841735602
841752603
842031765
842315706
842361705
842710635
843025176
843250176
843275106
845230716
845310726
851023746
851230746
851243706
861042753
861053274
861234705
861250743
861420753
861452703
861723504
863014725
863074215
863124705
863245107
863270154
872013654
872130654
872153604
873024615
873214605
873240615
