012345876
012473865
012563874
012653847
012748653
012753486
012753648
012763584
012783465
012783546
012835476
012853674
012864735
012865743
012873564
012874653
013254876
013425687
013425768
013426857
013427865
013528764
013628574
013674285
013684725
013728465
013728546
013764825
013784265
013784652
013845762
013852764
013856274
013875426
013875642
013876524
014328765
014635827
014735286
014735628
014738652
014782653
014852736
014862375
014872635
015432876
015836724
015843726
016834725
016852743
018423765
018732654
021483765
021873654
023146857
023147865
023154786
023156487
023157684
023164758
023168574
023178465
023178546
023418765
023485176
023764185
023781654
023841765
023864715
024135867
024136758
024137685
024153876
024315876
024638175
024738615
024835176
025134876
025138746
026138754
026173854
027143685
028153746
028643175
028713654
028743615
031842765
032148765
034125687
034125768
034156872
034165827
034175286
034175628
034178652
034215867
034216758
034217685
034265187
034276185
034278615
034815276
034825716
034861275
034871625
035126874
035142876
035186724
035214876
035218746
036124875
036152874
036184725
036218754
038124765
038172654
041863275
041873625
042156873
042178653
042318765
043128765
043275186
045183726
046213875
048132765
048263175
052143876
053184726
053216874
061243875
061823754
062134875
062173584
062184735
062185743
062413875
063184275
063184752
063215847
063217854
063245187
063284715
063814725
063824175
064182753
064312875
068213754
071243685
072163854
072413685
072813654
073184625
073218654
073284165
073614825
081253746
081324765
081462753
081632754
081643275
081732645
081742653
082153764
082415736
082416753
082463175
082513746
082613475
082713564
082714653
083256174
083271654
083415276
083421765
083715426
083715642
083716524
084235716
084315726
084362175
084712635
084731625
120345876
120384765
120438765
120453687
120453768
120463857
120573846
120583764
120673548
120683574
120748653
120863475
120864735
120865743
120873645
123457680
123458760
123465078
123465780
123467085
123467850
123478065
123485067
123485670
123504867
123506487
123507684
123507846
123564087
123568074
123568740
123578046
123584760
123605478
123607548
123675480
123684570
123704568
123706458
123748056
123748560
123756048
123764058
123768045
123768450
123805467
123807564
123846057
123847065
123865470
123867540
124305786
124306875
124368075
124368750
124385760
124708635
124735086
124738650
124836075
125804736
125846730
126403875
126804753
126843075
126843750
128435760
128463075
128463750
128603754
128703645
128743650
128763054
130274865
130425687
130425768
130426857
130427865
130528764
130628574
130654827
130674852
130728465
130728546
130754286
130754628
130784265
130845276
130845762
130846725
130856742
130865724
130872654
134205687
134205768
134206857
134207865
134256087
134506872
134607852
134657820
134675028
134678052
134706582
134708265
134756280
134758062
134758620
134786520
134806275
134807625
134865027
134865270
134875620
135206874
135406827
135426087
135472086
135472860
135602847
135627840
135702486
135702648
135726480
135728640
135782460
135786024
135804762
135864720
136204875
136502874
136524870
136702584
136724580
136782540
136784025
136805742
136845720
137602854
137624850
138672054
138704625
138724065
138752064
138752640
140328765
140352876
140635827
140672853
140735286
140735628
140738652
142356870
142375086
142375860
142506873
142605837
142607853
142635087
142678053
142705386
142705638
142706583
142735068
142758063
142758630
142785360
142786530
143805276
145203876
145236870
145783026
145806732
145823076
145823760
145836072
146803752
146832750
150432876
150836724
150842763
150843726
152436870
152473086
152473860
152603847
152703486
152703648
152783460
152804763
152806734
152836074
153204876
153784026
153824076
153824760
153846720
154802736
156802743
160532874
160732584
160782543
160824753
160834725
160842735
160843275
160843752
162304875
162534870
162573084
162573840
162708543
162734580
162784035
162785043
162803475
162845073
162845730
163284075
163784052
163842750
163845270
163854072
163854720
163874025
163874250
164782053
164823750
164852073
164852730
170632854
170843625
172403865
172634850
172653084
172653840
172803645
172863054
173684025
173802654
173824065
173824650
173845620
180423765
180752643
182503764
182603574
182673540
182703465
182703546
182704635
182705643
182734065
183704652
184702653
210483765
214305876
214835076
218703654
230145687
230145768
230154867
230158764
230165847
230167854
230174856
230175486
230175648
230176584
230485176
230714658
230764185
230781654
230854176
230864715
234105678
234107856
234156078
234157860
234175068
234187065
234187650
234605187
234617085
234678015
234678150
234685170
234701658
234705816
234706185
234715860
234716058
234785610
234806715
234815067
234816750
234856170
234875016
234875160
235106784
235106847
235146087
235148076
235148760
235174086
235174860
235186074
235718046
235814076
236104785
236105874
236154870
236158074
236158740
236184075
236718054
238107654
238174650
240135867
240136758
240137685
240168753
240173865
240638175
240738615
240835176
243105687
243105768
243106857
243107865
243156087
243705186
243805716
243815760
245103786
245136780
246135870
246173085
246173850
246813075
247103685
248105736
248106753
248135076
248603175
248703615
248713650
250134876
250138746
250163874
253104786
253108764
253164870
253176084
253176840
253816074
254103876
258103746
260138754
260153847
260743185
260813754
260843715
263104758
263157084
263157840
263405187
263745180
263784015
263784150
263801754
263815047
263817054
263845710
268134750
268153074
268153740
268713054
270183654
273105486
273105648
273106584
273145068
273158064
273158640
273604815
273614850
273618054
273804165
276103854
280431765
280453176
280673154
281435760
281463075
281463750
281603754
281703645
281743650
281763054
283456170
283475016
283475160
283506174
283605147
283607154
283645017
283671054
283705416
283705641
283706514
283715460
283716540
283745061
283751064
283751640
284301765
284731065
310284765
314205786
314206875
314268075
314268750
314285760
314728065
320148765
320154876
324156870
324175086
324175860
324801765
324815076
328104765
340172685
340186752
340215786
340216875
340268175
340285176
340821765
342105786
342106875
342165870
342168075
342168750
342185076
342718065
345102876
345108726
345126870
345186720
348201765
348215760
350182746
360124875
360182754
364125870
364172085
364172850
364208175
364812075
374102685
380154726
380164752
384106752
384125076
384156720
384205176
384602175
384702615
384712650
384715026
385102746
386102754
410253876
410823765
412503876
412853076
413256870
413275086
413275860
413805726
413825760
418203765
420135876
420173685
420185736
420186753
421803765
423105786
423106875
423165870
423168075
423168750
423185076
423718065
430128765
430215876
432105876
438102765
460132875
462135870
462173085
462173850
462813075
472103685
480162753
480213765
481302765
481732065
482105736
482106753
482135076
482603175
482703615
482713650
513206874
513826074
520183746
582103746
610273854
610432875
610823754
610843725
612435870
612473085
612473850
612703854
612803745
612843750
612873054
613205847
613207854
613245087
613704285
613784025
613802754
613825047
613827054
613845720
614302875
614832075
620153874
620413875
623108754
623184075
623184750
623804175
630274185
630814725
634201875
634215870
641203875
652103874
673204185
680132754
682134750
682153074
682153740
682713054
683104275
683214075
710283654
710432685
710623854
710643825
710832654
712435680
712483065
712483650
712603584
712603845
712643850
712683540
712834650
712853064
712853640
713205486
713205648
713206584
713245068
713258064
713258640
713425086
713526084
713602854
713608524
713625048
713628540
713645820
713804265
713864025
714302685
714632085
720413685
720813654
723684015
723804615
730184625
730218654
730614825
734201685
734215680
741203685
780143625
781203654
781403625
781623054
781643025
782103645
782613045
783102654
783124065
783124650
783145620
783604215
783612054
783614250
810354726
810364752
810452736
810453276
810532746
810632475
810652743
810673254
810723465
810723546
810724635
810732564
810734652
810753426
810753642
810762543
810763524
812305476
812456073
812456730
812503674
812536740
812543076
812543760
812573064
812604735
812605743
812634075
812635470
812673450
812674053
812703456
812705634
812706543
812734560
812735064
812745036
812746053
812753460
812754063
812754630
813405762
813456270
813475026
813475260
813502764
813504726
813506274
813576024
813602574
813604752
813605247
813607254
813645027
813672540
813675042
813702465
813702546
813754026
813756420
813764052
813764520
814306752
814325076
814356720
814602375
814602753
814672035
814703652
814705236
814725630
814735260
814736052
814762053
815302746
815732046
816302754
816732054
820173654
820415736
820416753
820513746
820613475
820713564
820714653
820731654
821304765
821673054
821734650
821753064
821753640
823405716
823415076
823461075
823461750
823601754
823614750
823701645
823715640
823741065
830245176
830254716
830264751
830274615
830415276
830421765
830715426
830715642
830716524
831425760
831462075
831462750
831602754
831702645
831742065
832701654
832714650
834105276
834206175
834206751
834256710
834265170
834601275
834615270
834671025
834705612
834715062
834721650
834725016
835201746
835216740
836201754
836214750
840235716
840261753
840315726
840712635
840731625
841205736
841206753
841235076
841603275
841673025
841702653
841723650
841735620
842301765
842315760
843205176
851203746
860231754
860243175
861234750
861253074
861253740
861402753
861723054
863124075
863245170
863274015
863274150
872103654
873204615
