102345876
102473865
102563874
102653847
102748653
102753486
102753648
102763584
102783465
102783546
102863475
102864735
102865743
102873645
103254876
103425687
103425768
103426857
103427865
103528764
103628574
103728465
103728546
103784652
103845276
103872654
104328765
104635827
104735286
104735628
104738652
104782653
104852736
105432876
105836724
105843726
106834725
106852743
108423765
108732654
123046857
123047865
123056487
123057684
123068574
123078465
123078546
123450687
123450768
123460857
123465708
123467805
123485607
123564807
123568704
123570846
123580764
123670548
123675408
123680574
123748506
123756408
123764508
123768405
123865407
123867504
124035786
124036875
124368705
124380765
124738605
125840736
126043875
126840753
128063754
128430765
128463705
128743605
134025687
134025768
134056872
134065827
134075286
134075628
134078652
134256807
134270865
134650827
134670852
134750286
134750628
134758602
134780265
134786502
134860275
134870625
135026874
135042876
135086724
135426807
135472806
135620847
135720486
135720648
135782406
135840762
135860724
136024875
136052874
136084725
136520874
136720584
136782504
136840725
136850742
137620854
138072654
138724605
138752604
142056873
142078653
142350876
142375806
142635807
142670853
142735608
142758603
142785306
142786503
145083726
145230876
145823706
145836702
146830752
152043876
152430876
152473806
152783406
152836704
152840763
153084726
153824706
153840726
162034875
162073584
162084735
162085743
162530874
162573804
162730584
162780543
162840735
162845703
163084275
163084752
163840275
163840752
163854702
163874205
164082753
164820753
164852703
172063854
172630854
172653804
173084625
173824605
173840625
182053764
182673504
182734605
182750643
201483765
203145687
203145768
203154786
203158764
203164758
203165847
203167854
203175486
203175648
203176584
203485176
203764185
203781654
203864715
204135867
204136758
204137685
204153876
204638175
204738615
204835176
205134876
205138746
206138754
206173854
207143685
208153746
208643175
208713654
208743615
214035876
234015867
234016758
234017685
234065187
234076185
234078615
234150867
234156708
234170856
234175608
234187605
234678105
234680175
234710658
234715806
234780615
234816705
234850176
234875106
235014876
235018746
235146807
235148706
235174806
235186704
236018754
236150874
236158704
236184705
238170654
243075186
243156807
243170865
243815706
245130786
246013875
246130875
246173805
248063175
248135706
248160753
248713605
253016874
253160874
253176804
263015847
263017854
263045187
263084715
263150847
263157804
263740185
263784105
263810754
263840715
268013754
268130754
268153704
273018654
273084165
273145608
273158604
273180654
273614805
281063754
281430765
281463705
281743605
283056174
283071654
283450176
283475106
283645107
283670154
283715406
283716504
283745601
283751604
284031765
302148765
304172685
304186752
304215786
304216875
304268175
304285176
304821765
305182746
306182754
308124765
314028765
314268705
314280765
324015876
324150876
324175806
342018765
342160875
342168705
342185706
345120876
345180726
348210765
364012875
364120875
364172805
384015726
384062175
384125706
384150726
384160752
384712605
401823765
402135876
402173685
402185736
402186753
403128765
403215876
408132765
408213765
412053876
413250876
413275806
413825706
423018765
423160875
423168705
423185706
462013875
462130875
462173805
481032765
482063175
482135706
482160753
482713605
502183746
513026874
601243875
602153874
602413875
603274185
603814725
612073854
612430875
612473805
612843705
613025847
613027854
613074285
613084725
613245807
613270854
613820754
613840725
614032875
623084175
623180754
634210875
682013754
682130754
682153704
683014275
701243685
702413685
702813654
703184625
703218654
703614825
712430685
712483605
712643805
712683504
712830654
712853604
713025486
713025648
713026584
713064825
713084265
713245608
713258604
713280654
713620854
713628504
713640825
714032685
723084615
734210685
781023654
781043625
782013645
783012654
783124605
783140625
783614205
801253746
801324765
801462753
801632754
801643275
801732645
801742653
802173654
802415736
802416753
802513746
802613475
802713564
802714653
803245176
803274615
803415276
803421765
803715426
803715642
803716524
804235716
804315726
804712635
804731625
812035476
812045736
812046753
812053674
812073564
812074653
812450736
812456703
812530746
812543706
812630475
812634705
812650743
812673405
812730564
812735604
812753406
812754603
812760543
813045762
813052764
813054726
813056274
813064752
813075426
813075642
813076524
813450276
813475206
813645207
813670254
813672504
813720465
813720546
813750426
813750642
813760524
814036752
814062375
814062753
814072635
814325706
814350726
814360752
814720635
814730652
814735206
815032746
816032754
821073654
821730654
821753604
823041765
823415706
823461705
823610754
823710645
831042765
831420765
831462705
832710654
834015276
834025716
834061275
834071625
834250716
834260175
834260751
834610275
834715602
834721605
835210746
836210754
841063275
841073625
841235706
841260753
841723605
841730625
842310765
861023754
861230754
861253704
863024175
863240175
863274105
