021358467
021438567
041528637
043652781
047518326
047528361
047561328
047568312
047586321
051268347
054687123
057618324
057628341
057641328
057648312
057684321
065874123
067258341
076854123
087216345
087456321
087546123
167208345
180276345
187236045
187256340
187406325
217408356
251368047
261408357
267451380
287406351
317408526
320418567
320471568
321458067
321478560
327408561
328417560
362408571
367402581
370462581
372461580
380427516
387406521
387426510
421538067
467501328
467521380
467582310
487506321
517208346
521408367
527368041
527406381
527461380
527608341
527804361
531408627
532408671
537402681
540632781
540678321
540687123
541608327
541628037
542608371
543608721
543612780
543672081
547208361
547268031
547602381
547603821
547608123
547608231
547638021
547806321
548607321
560472381
561208347
562378041
563402781
564278031
564702381
564703821
564708123
567201348
567204381
567218340
567241380
567284031
567302481
567382041
567408321
567432081
567802341
567804123
567842310
568247031
568307421
568327041
570386421
570426381
570436821
570486231
570846321
576248031
576328041
576402381
576408231
580367421
580427361
580437621
580467231
580647321
587106324
587206341
587402361
587406123
587406312
587416320
587462310
587604321
650874123
657208341
657408312
657421380
657482310
760854123
765108324
765208341
765281034
765281340
765342081
765342810
765402381
765403821
765804321
765814023
765814230
765834012
765834120
867105324
867205341
867405123
867452310
870546123
