102354867
102356487
102364587
102365847
102367854
102374685
102374856
102385746
102386754
102435786
102437685
102458736
102473586
102473658
102475836
102476853
102483756
102485763
102534876
102538746
102543786
102546387
102547683
102547836
102568473
102573468
102583476
102583647
102584736
102586743
102635487
102638475
102643587
102643758
102645378
102647538
102653784
102654873
102657834
102658743
102684375
102684537
102684753
102685473
102734865
102735468
102736854
102738564
102746358
102754683
102754836
102756384
102756438
102758634
102764853
102768354
102768435
102784563
102785436
102786453
102786534
102834756
102835647
102836574
102836745
102843657
102845367
102845673
102846375
102847563
102847635
102864573
102865437
102867453
102874536
102875346
102875463
103245786
103256847
103257864
103265487
103268754
103274658
103275846
103276854
103284675
103426578
103427586
103456287
103456872
103462875
103524678
103527468
103528647
103546827
103564287
103572864
103574826
103576284
103576842
103584762
103586724
103628457
103645872
103647825
103652874
103654278
103657284
103657842
103672584
103674528
103675824
103678254
103678542
103684572
103685427
103685742
103687524
103724856
103745682
103745826
103746285
103746528
103752684
103756824
103762548
103764258
103765284
103765428
103765842
103782645
103785246
103785624
103786254
103824576
103824657
103825674
103827456
103842756
103846257
103847265
103852476
103854267
103854672
103856427
103857624
103865472
103867542
103874256
103874562
103876452
104236785
104237658
104238675
104238756
104263875
104265837
104275386
104275863
104283765
104285736
104325678
104327856
104352687
104352768
104362857
104365872
104376285
104378625
104385276
104532867
104536728
104537682
104537826
104572836
104582763
104627835
104628753
104637285
104637528
104638725
104672385
104672538
104682573
104682735
104723865
104725683
104726385
104726538
104732568
104735862
104736825
104762835
104768532
104783625
104785263
104785632
104823756
104825637
104827653
104832657
104836527
104837256
104837562
104852673
104853762
104856372
104856723
104872563
104873265
104875623
104876532
105234867
105236748
105237684
105237846
105238764
105243687
105243768
105247863
105273864
105326784
105326847
105342786
105346287
105362874
105423786
105426873
105437628
105438726
105462837
105623874
105624837
105632478
105634872
105642873
105647832
105724386
105724638
105728436
105728643
105734682
105738246
105742683
105746238
105746382
105748263
105748632
105783264
105823476
105832467
105832674
105836247
105837426
105837642
105842376
105863274
105863742
105872436
106234587
106234758
106235847
106237854
106243785
106243857
106253874
106283754
106324785
106325874
106372854
106425837
106427853
106435872
106437825
106452873
106453827
106523847
106524873
106532487
106537842
106542837
106543872
106723485
106724583
106728534
106732458
106735482
106738254
106742385
106742538
106743582
106743825
106752483
106782354
106782435
106783524
106784532
106823574
106824375
106825734
106835274
106837524
106845723
106852374
106853247
106872453
106872534
107234685
107243865
107435826
107462853
107532684
107532846
107623845
107624853
107632548
107635842
107642835
107643285
107643852
107683254
107824635
107832564
107842653
107853426
107853642
107862543
107863524
108253764
108325476
108327654
108345726
108362754
108463275
108473625
108523674
108534726
108562743
108624735
108625743
108634275
108634527
108634752
108637542
108642753
108643725
108723456
108725634
108726543
108735426
108736524
108742563
108743265
108753624
108754632
108762453
123046578
123054678
123058647
123065784
123068457
123075864
123076845
123085674
123087456
123460578
123470586
123487506
123540678
123548607
123650784
123680457
123685704
123740856
123746805
123750864
123760845
123870456
124038657
124053687
124053768
124056378
124058736
124063857
124065387
124065873
124067835
124073586
124075683
124076538
124076853
124083756
124085637
124085763
124087365
124087653
124350678
124357806
124375608
124380657
124536807
124560837
124570863
124630857
124635708
124658703
124670358
124670835
124673508
124680753
124685307
124730586
124750683
124756803
124760385
124760538
124763805
124768503
124786305
124830675
124837506
124850376
124850637
124857603
124873605
124875306
125034687
125034768
125037486
125037648
125037864
125043867
125046387
125046738
125048376
125064837
125073846
125074386
125074638
125078436
125078643
125083476
125083764
125340687
125340768
125360784
125360847
125370864
125386704
125430786
125460873
125476803
125483706
125630874
125634807
125647803
125670843
125673804
125730468
125734608
125736804
125743806
125746308
125748603
125760483
125780364
125780436
125783604
125786403
125836407
125870634
125873406
126034857
126035487
126035748
126037584
126043758
126045837
126047853
126053784
126058374
126058743
126074583
126078534
126083574
126085734
126340785
126340857
126350748
126350874
126375804
126384705
126450837
126457803
126530847
126543807
126574803
126730485
126730548
126734805
126743508
126750843
126780534
126783405
126830574
126835704
126850473
126853407
126870543
127036854
127053486
127053648
127063584
127063845
127064853
127083465
127340865
127435608
127450863
127480653
127560843
127630845
127654803
127680543
127683504
127830654
127853604
128034675
128035764
128043576
128054763
128056473
128064735
128065743
128073456
128075634
128076543
128350476
128357604
128370654
128375406
128530674
128536704
128540763
128573604
128635407
128637504
128640573
128640735
128645703
128670453
128674503
128730456
128734506
128740365
128740536
128745306
128746503
128750463
128750634
132045867
132046758
132047685
132057864
132058746
132068475
132068754
132074658
132074865
132075846
132078645
132084675
132085764
132450786
132460758
132460875
132476805
132485706
132540876
132574806
132658704
132680754
132687504
132740658
132745806
132754608
132760854
132780645
132840675
132846705
132850647
132854706
132856407
132860574
132860745
132865704
132870465
132870546
134026785
134027658
134028675
134028756
134052786
134052867
134057268
134057826
134058276
134062587
134062758
134067528
134072568
134082657
134086527
134087256
134087562
134270658
134276508
134280756
134520786
134526708
134527806
134560728
134567208
134570682
134578206
134580276
134582706
134587602
134620587
134620758
134627508
134628705
134658207
134680257
134682507
134685702
134726805
134750862
134765802
134820576
134852607
134857206
134860527
134870562
135024867
135027468
135027846
135028476
135046782
135047628
135062478
135064287
135067482
135068742
135074682
135074826
135078246
135082467
135086247
135087426
135087642
135240867
135246708
135247806
135260748
135267408
135268704
135270684
135280476
135280764
135284706
135287604
135460782
135470286
135470628
135476208
135478602
135480672
135480726
135628407
135640287
135670482
135674802
135678204
135740268
135748206
135764208
135827406
135840627
135847602
135860247
135860472
135867204
135870264
135872604
135876402
136025847
136027485
136027854
136045287
136047825
136048752
136052487
136057842
136072458
136074852
136075482
136078254
136082475
136085274
136087524
136240587
136240758
136250847
136254708
136257804
136284507
136420785
136450872
136470825
136475802
136520748
136527408
136547802
136574208
136578402
136582407
136728405
136745208
136750482
136752408
136758204
136780425
136820475
136820547
136827504
136842507
136854207
136872405
136874502
136875204
137025486
137045826
137052846
137062485
137062548
137065842
137082564
137082645
137240685
137284605
137420658
137450826
137460852
137524608
137526804
137542806
137582604
137620485
137628504
137642508
137645802
137820645
137824506
137842605
137860254
137860542
137864205
138024576
138024657
138025746
138026754
138042756
138045762
138062745
138064275
138064527
138067542
138075426
138076524
138245706
138260754
138420675
138420756
138472605
138520476
138540726
138560742
138572406
138620745
138640275
138640527
138640752
138647502
138654702
138670254
138675402
138740562
138750264
138750426
138754206
138760452
138760524
138764502
142038756
142053786
142053867
142056738
142057836
142063587
142063758
142065378
142067385
142067538
142068735
142073568
142076358
142083576
142085367
142086375
142087563
142087635
142357608
142358706
142360785
142378605
142380675
142530867
142537806
142560387
142560738
142570683
142578306
142583706
142586307
142587603
142637508
142650378
142670385
142683507
142730568
142760358
142830576
142836507
142837605
142850367
142860537
142870563
142873506
142875603
142876305
143025867
143026758
143027685
143052876
143056827
143065287
143065872
143068275
143075268
143078625
143085627
143086257
143087265
143250786
143260758
143260875
143276805
143520876
143650287
143685207
143720658
143725806
143750268
143750826
143765208
143780625
143785602
143786205
143820756
143825607
143850627
143852706
143860257
143867205
143870652
145023687
145023768
145027863
145028736
145032786
145036728
145037682
145038762
145062873
145067832
145076238
145076382
145078263
145078632
145237608
145238706
145263708
145267803
145283607
145320867
145326708
145360287
145362807
145370826
145382706
145386207
145620873
145630278
145670832
145673208
145720683
145720836
145760238
145760382
145768203
145780326
145780632
145782603
145820376
145826307
145830267
145830672
145863207
145870236
146023857
146028753
146072853
146073582
146073825
146085723
146237805
146253807
146283705
146320758
146325807
146372805
146530287
146532807
146573802
146730258
146732508
146780523
146782305
146825703
146835207
146870253
147023865
147032685
147063852
147235806
147263805
147320685
147632805
147653802
147683205
147820653
147835602
148025376
148035726
148052736
148053762
148062375
148072635
148073265
148350726
148360275
148360752
148530762
148620375
148620753
148630572
148652703
148673502
148725603
148730526
148735206
148750623
148762503
148763205
152034786
152036748
152037684
152038764
152063478
152067483
152067834
152068743
152073864
152074683
152076384
152076438
152078634
152083467
152086473
152340786
152360487
152364807
152370846
152384706
152386407
152437608
152438706
152460783
152478603
152480673
152630478
152670483
152670834
152674803
152683704
152730864
152760384
152760438
152763804
152780346
152780634
152830467
152834607
152846307
152847603
152860473
152870643
152876403
153024687
153024768
153026847
153027864
153028746
153046287
153062874
153076824
153078264
153078642
153240687
153240768
153260847
153264708
153267804
153284607
153286704
153460872
153476802
153620874
153647802
153674208
153720684
153746208
153748602
153768204
153780642
153782604
153786402
153864207
153870246
154026873
154062837
154072386
154072638
154083276
154083762
154086723
154326807
154370862
154620837
154632807
154720386
154720638
154732608
154780362
154830276
154860723
154863702
154873206
156023874
156034872
156043827
156072483
156084732
156230487
156234807
156240837
156273804
156340872
156420873
156423807
156437802
156472803
156720483
156730284
156730428
156780432
156783204
157062843
157430862
157620843
157630824
157642803
158032746
158042763
158320746
158672403
158723604
158730462
158730624
158740632
162035847
162037854
162043785
162045387
162047583
162053487
162053748
162058473
162073458
162078354
162078435
162083547
162085437
162087453
162340587
162340758
162350847
162354708
162357804
162384507
162430785
162437805
162458703
162470835
162480753
162530487
162530748
162543708
162570438
162574308
162580473
162583407
162730458
162730845
162738405
162743805
162745308
162753408
162758304
162830547
162843507
162850437
162854307
162857403
163024857
163025874
163057824
163072854
163078524
163082574
163240857
163245708
163250874
163254807
163258704
163275804
163285407
163287504
163425807
163450827
163472805
163542807
163570824
163720854
163728504
163742508
163745802
163752804
163782405
163785204
163820574
163872504
164035872
164038275
164072835
164078532
164235807
164273805
164378205
164380275
164382705
164523807
164530827
164570832
164723508
164730285
164730528
164738502
164783205
164785302
164825307
164870352
165032874
165082734
165083742
165820734
165832704
165843702
168043275
168052743
168320754
168352704
168730542
168732504
172035486
172035864
172043586
172043658
172045683
172045836
172046853
172054863
172083456
172085634
172086543
172340685
172384605
172450836
172456803
172534608
172536804
172540863
172563408
172580643
172630485
172638504
172640583
172680453
172684503
172830456
172834506
172846503
172850634
172853406
172864305
172865403
173025846
173026854
173045286
173054682
173062584
173068254
173082465
173082546
173245806
173260854
173420685
173450286
173450862
173465802
173485206
173520864
173562804
173586204
173620584
173642805
173645208
173650824
173658204
173680542
173685402
173820465
173820546
173842506
173856402
173862405
173864502
174032865
174038625
174052683
174083652
174085236
174320865
174362805
174623805
174630825
174650832
174682305
174825603
174830652
174835206
174850236
174853602
174862503
175042863
175420863
175462803
176052843
176083254
176520843
176542803
176830254
176853204
178023654
178032645
178062543
178230654
178253604
178423605
178430625
178620543
178642503
178643205
182034576
182034657
182035746
182036754
182043675
182047653
182053476
182054736
182056743
182064375
182064537
182065473
182074563
182075436
182076453
182076534
182345706
182360754
182430675
182430756
182450763
182453706
182465703
182470653
182530476
182540736
182546703
182567403
182570463
182630745
182640375
182640537
182643705
182650473
182670354
182670435
182750436
182756403
182760534
182764503
183024675
183025476
183027654
183045726
183054276
183062475
183062754
183064572
183072645
183074526
183075462
183075624
183076542
183270654
183274605
183450726
183460752
183520746
183540762
183564702
183620475
183640572
183645702
183652704
183670524
183720564
183724506
183725604
183740526
183745206
183746502
183750462
183760254
183760542
183765402
184023765
184035762
184062573
184072365
184072536
184073625
184075632
184230765
184235706
184350276
184375206
184520763
184562703
184620573
184670532
184720365
184720536
184732506
184735602
184762305
185072463
185420736
185720463
185730642
185762403
186042753
186420753
186572403
186723504
186740532
187032654
201348765
201374865
201385476
201543876
201583674
201673845
201684735
201685743
201734685
201743658
201758643
201763854
201783456
201785634
201786543
201836754
201854736
201863574
201863745
201864375
201873465
201873546
201874635
201875643
203147586
203147658
203148675
203157468
203158476
203158647
203176845
203184576
203186475
203186547
203187645
203415867
203416758
203417685
203465718
203465871
203467158
203475816
203476185
203478615
203518746
203561874
203564178
203576814
203584167
203584716
203586417
203587146
203587614
203614785
203614857
203615874
203641875
203645178
203645817
203647185
203658174
203671548
203675418
203675841
203684751
203685471
203687541
203714586
203715468
203716548
203718645
203741685
203745618
203746158
203748165
203754168
203754681
203758614
203761584
203764518
203784156
203784561
203786451
203814675
203815764
203817654
203845167
203846175
203846517
203846751
203847615
203851674
203851746
203854617
203861547
203864157
203865174
203871564
203875146
203875614
203876154
204156837
204157863
204163785
204165738
204173658
204175836
204176385
204183675
204185376
204185763
204186735
204187653
204315687
204315768
204316857
204317865
204356187
204358176
204361875
204371685
204386175
204386751
204531768
204536817
204537186
204563187
204631578
204631857
204635718
204678153
204681375
204681753
204715386
204731586
204736851
204738156
204783165
204783651
204785136
204816753
204831675
204835761
204837516
204871653
205136478
205138674
205143678
205146873
205147836
205148763
205163487
205163748
205173684
205174863
205186743
205316874
205341876
205346178
205381746
205413876
205418736
205638147
205643187
205731468
205736814
205738641
205743816
205763184
205813746
205831764
205836417
205841736
205846137
205863714
206134578
206135487
206137845
206148735
206153784
206154873
206173485
206174835
206175843
206183574
206183745
206314875
206345187
206381754
206418753
206431875
206483175
206534187
206573184
206718543
206731548
206734815
206735184
206753148
206813475
206813547
206835714
206841753
206853417
206853741
206873514
207134865
207135684
207143856
207145638
207148653
207156843
207183465
207183546
207431685
207453168
207583164
207613548
207638154
207683514
207831654
207863154
208134756
208135476
208135647
208136574
208137465
208137546
208153674
208154763
208156734
208173564
208174653
208354716
208364175
208364751
208451736
208453617
208453761
208463157
208513764
208531746
208537164
208546173
208573146
208613574
208631475
208637514
208645137
208647153
208651743
208673541
208714635
208715643
208731564
208734165
208734651
208745316
208745631
208746513
208761543
213045786
213046875
213054687
213054768
213064785
213064857
213065874
213068475
213068754
213074586
213078645
213084756
213085476
213087654
213450786
213460758
213460875
213470685
213476805
213546807
213570864
213580746
213658704
213674508
213680475
213684705
213740865
213748605
213750684
213764805
213780564
213785604
213840756
213850476
213850764
213857604
213874605
213875406
214056387
214078653
214083765
214350687
214350768
214360857
214365708
214367805
214385607
214635807
214735608
214750386
214758603
214780653
214785306
214836507
214837605
214856703
214863705
215036487
215046837
215360874
215376804
215430876
215473806
215480736
215836704
215843706
216053874
216340875
216374805
216480753
216783504
216834705
216850743
217063854
217630854
217653804
218034765
218063574
218073465
218073546
218074635
218075643
218340765
218364705
218530764
218563704
218630574
218670543
218730465
218730546
218740635
218743506
218745603
218763405
231054786
231058764
231064758
231064875
231074685
231086754
231580764
231670854
231678504
231680574
231740685
231750648
231780465
231780546
231845706
231856704
231860475
231864705
231870645
234051876
234056781
234057618
234058167
234061578
234061785
234061857
234065718
234065871
234071586
234076851
234078156
234081675
234087516
234160587
234167508
234170568
234186507
234510768
234510876
234516807
234560817
234561708
234568107
234570186
234587106
234610578
234610785
234618507
234650718
234651807
234670581
234675801
234758106
234760851
234768501
234781506
234810567
234850761
234857601
234870516
234871605
235016478
235018674
235041786
235047168
235064178
235067184
235068147
235071468
235076148
235076814
235078164
235078641
235081764
235084167
235086417
235087146
235160478
235180467
235180674
235410786
235417806
235467108
235470168
235480617
235480761
235614807
235617408
235648107
235687104
235710846
235714608
235746108
235748601
235760148
235760814
235761408
235780164
235781604
235786401
235810476
235817604
235846701
235860417
235860741
235861704
235864107
235870146
236014578
236015487
236017845
236041875
236045178
236071548
236074158
236074815
236085714
236087154
236140578
236147805
236157408
236170458
236180547
236185407
236410875
236480157
236517804
236540187
236570148
236584107
236710854
236715408
236740815
236741508
236750184
236784501
236785104
236810745
236814507
236845107
236850714
236870154
237014865
237015684
237056184
237064185
237068154
237145806
237150846
237154608
237160485
237160548
237180564
237185604
237480165
237560184
237658104
237684105
237816504
237860514
238014756
238015647
238016574
238017465
238017546
238045716
238046175
238054176
238061475
238061754
238065174
238067514
238071645
238140756
238145607
238147506
238160745
238164507
238167405
238175406
238176504
238415706
238460175
238460751
238567104
238570164
238610547
238610754
238614705
238651704
238670514
238710645
238715604
238740165
238741605
238760154
238764105
241038765
241073658
241073865
241368705
241385706
241530876
241573806
241730865
241738605
241753608
241780635
241830756
241853706
243016785
243017658
243018675
243018756
243056718
243056871
243057168
243058176
243061875
243065817
243075618
243076158
243078165
243086517
243086751
243087615
243170658
243178605
243180756
243186705
243567108
243580176
243610875
243650178
243650817
243670185
243675108
243687105
243710685
243750618
243760158
243768105
243781605
243810576
243810657
243850167
243860517
243860751
243865107
243870615
245013678
245017836
245018763
245031876
245036817
245037186
245063187
245073816
245086137
245138607
245160873
245168703
245170836
245173608
245316807
245360178
245370186
245371806
245376108
245380716
245637108
245683107
245710863
245716308
245730168
245730681
245736801
245810736
245813607
245830617
245860137
245870163
246018735
246038175
246053178
246057183
246081753
246150783
246180735
246350187
246385107
246530178
246713508
246730518
246735108
246780153
246815307
246817503
246830157
246835701
246851703
247013856
247015638
247018653
247035168
247063815
247136805
247150638
247153806
247158603
247610853
247630158
247630815
247830165
247863105
248035617
248035761
248051763
248065137
248067153
248075316
248075631
248076513
248130657
248160375
248170635
248356107
248370165
248560173
248576103
248650137
248657103
248671503
248710365
248710536
248750316
248750631
248760513
251034876
251063874
251083764
251340876
251374806
251830764
251863704
253014678
253016748
253046178
253047186
253074816
253078614
253081746
253086147
253087164
253140678
253167408
253174608
253180476
253180647
253416807
253617804
253640187
253678104
253680174
253684107
253710648
253710864
253740816
253764108
253780146
253780614
253814607
253817406
253841706
253846107
253864701
253870164
254013687
254013768
254016837
254017863
254018736
254036187
254083716
254130687
254130768
254138706
254160837
254163708
254167803
254180736
254183607
254730186
254783106
254810763
254830716
256013784
256018743
256043187
256134708
256137804
256140738
256140873
256148703
256180743
256183704
256430187
256483107
256813407
256830174
257013486
257013648
257130486
257130648
257130864
257143608
257183406
258014763
258016734
258036174
258063147
258073416
258073641
258160734
258164703
258436107
258470163
258630147
258643107
258710463
258730416
258730641
258743601
261053847
261073485
261083745
261435807
261470853
261730854
261753804
261830745
261840753
261873504
263014587
263015478
263015784
263017485
263017548
263018745
263047158
263048175
263057418
263058714
263071584
263074518
263081475
263081547
263140587
263147508
263150478
263170485
263170548
263175408
263180745
263184507
263185704
263187405
263415708
263450718
263450871
263470158
263475801
263478105
263510874
263518704
263540178
263571804
263574108
263580147
263710584
263740518
263780541
263785401
263841507
263857401
263871405
263874501
264013785
264013857
264018375
264035817
264037185
264058173
264130857
264135708
264150738
264153807
264178305
264180375
264183705
264310875
264371805
264718503
264830175
264831705
265073184
265130748
265134807
265140837
265170843
265813704
267013584
267043185
267130584
267140853
267183504
268013475
268041753
268045173
268071543
268130475
268173405
268340175
268374105
268410753
268451703
268534107
268570143
268714305
268715403
268734501
268741503
271053486
271053648
271053864
271063584
271063845
271083465
271435608
271480653
271630845
271640853
271683504
271834605
271850643
273014568
273015864
273016458
273045681
273045816
273048156
273051684
273054186
273056148
273056814
273061548
273064158
273065418
273065841
273068145
273081645
273140568
273146805
273150864
273160458
273165804
273410865
273418605
273450816
273458106
273460185
273510846
273518406
273560148
273560814
273584106
273610485
273640158
273641508
273650418
273650841
273654108
273684501
273810645
273814506
273841605
273850146
273856104
273861504
274016853
274018635
274035186
274035618
274063185
274135806
274138605
274156803
274160853
274180635
274310685
274350186
274381605
274385106
274631805
274813605
275013846
275130846
275143806
276014835
276015843
276034185
276083514
276140835
276145803
276530184
276583104
276810543
276830514
278013645
278031654
278043165
278053614
278130645
278143605
278163504
278430165
278463105
278634105
278650143
281034675
281035764
281043576
281054763
281056473
281064735
281065743
281073456
281075634
281076543
281350476
281375406
281530674
281536704
281540763
281573604
281635407
281640735
281645703
281670453
281674503
281730456
281734506
281745306
281746503
281750463
281750634
283014657
283015467
283017564
283041756
283054167
283056741
283057146
283061745
283064517
283065471
283067415
283067541
283074561
283076451
283140657
283146507
283147605
283150467
283154607
283160475
283160547
283170564
283170645
283410675
283451706
283457601
283460715
283471605
283514706
283516407
283517604
283540167
283540716
283547106
283560417
283560741
283570614
283571406
283614507
283640751
283647501
283650471
283654701
283670415
283740561
283754106
283760451
284015376
284035167
284037615
284051736
284053176
284073651
284075136
284130675
284136705
284160735
284356701
284360175
284376105
284610375
284610753
284651703
284671305
284715603
284730165
284736501
284750136
284753601
284761503
285013764
285014736
285034176
285036714
285043716
285130764
285134706
285146703
285160743
285163704
285310746
285340176
285341706
285731406
286014753
286034715
286051743
286073154
286143705
286154703
286310754
286351704
286430175
286473105
286730154
286731504
286753104
287043615
287053164
287134605
287150643
287613504
301245876
301254867
301274685
301274856
301278654
301285746
301286754
301452876
301584726
301642875
301684275
301684752
301724658
301742685
301782654
301784625
301825476
301845726
301846275
301846752
301847625
301852674
301852746
301854276
301872564
301874652
302145678
302147856
302154687
302154768
302156784
302164785
302164857
302165874
302185476
302187654
302475186
302481765
302614875
302645187
302741658
302745816
302746185
302754186
302815746
302846715
302851764
302854716
302864751
302874615
304152867
304156728
304157682
304165278
304165782
304167285
304168572
304168725
304172856
304175862
304176258
304176825
304178526
304185267
304185672
304218657
304251768
304251876
304256817
304257186
304258716
304267158
304267815
304268751
304271865
304275681
304276518
304281756
304285617
304285761
304286157
304512876
304526187
304586172
304615287
304625817
304627185
304671285
304672815
304681725
304685127
304687152
304712658
304715268
304715826
304716285
304725618
304761825
304768215
304781265
304785621
304786512
304815627
304816725
304825167
304827615
304852176
304856271
304861752
304865217
304872165
304872651
304875126
304876215
305124786
305126748
305127684
305128764
305142687
305142768
305147286
305147628
305147862
305164872
305167824
305176284
305176428
305178462
305178624
305184276
305214687
305214768
305217486
305217648
305217864
305241867
305246718
305278416
305284716
305421876
305482176
305742186
305748216
305782416
305816274
305824176
305826714
305841276
305842716
305846172
305871426
305871642
306124587
306124758
306142785
306142857
306145872
306154827
306158724
306174285
306174528
306178542
306214857
306215748
306217584
306241758
306245817
306247185
306254187
306274158
306275184
306278514
306412875
306582174
306724185
306782514
306814275
306814752
306824715
306851274
306871524
307128654
307142865
307152684
307154286
307154628
307164825
307184652
307216854
307241685
307264185
307284615
307814625
308145276
308145762
308146725
308147652
308156742
308162574
308165724
308172465
308172546
308175642
308214675
308215764
308245167
308246751
308247615
308251746
308257164
308261754
308274165
308462175
308612754
308641275
308674152
308714265
308721654
308741625
308754216
312045687
312045768
312046857
312047865
312054786
312056874
312064758
312075486
312085746
312456807
312470865
312640875
312674805
312784605
312850746
312860475
312860754
312864705
312870645
314025678
314027856
314056278
314065287
314072658
314072865
314075826
314085762
314086725
314087265
314250678
314257806
314275608
314280657
314520876
314572806
314627805
314670258
314685207
314720865
314726508
314750826
314752608
314760285
314785602
314786205
314820756
314825607
314850762
314852706
314856207
314860725
314865702
314870265
315026784
315026847
315046872
315048276
315074286
315240768
315246807
315260784
315260847
315270864
315286704
315728406
315824706
316024785
316025874
316042875
316058274
316240785
316250748
316250874
316275804
316284705
316728504
318027654
318042765
318074652
318257604
318270654
318420765
318462705
318740652
318754602
321054876
321870654
324065178
324067185
324071685
324085167
324086175
324086751
324157608
324158706
324160785
324180675
324560187
324586107
324610875
324615807
324671805
324710685
324715608
324756108
324780165
324780651
324816507
324817605
324856701
324860175
324876105
325014786
325016487
325076184
325081746
325140867
325146708
325160487
325164807
325170846
325184706
325186407
325410876
325810746
325816704
325840176
325841706
326074185
326081754
326140758
326145807
326170854
326810754
326814705
326851704
327014685
327140685
327184605
328015746
328016754
328045176
328074615
328150746
328156704
328640175
328674105
328710654
328740615
341025876
341062875
341085726
341086275
341087625
341270658
341620875
341720685
341780652
341782605
341827605
341850726
341860752
341865207
341875602
341876205
342015678
342017856
342056178
342071658
342075168
342075816
342086715
342087165
342150678
342157806
342180657
342617805
342650187
342670158
342685107
342710865
342716508
342750816
342751608
342760185
342785601
342786105
342810756
342815607
342856107
342860715
342870165
345012687
345012768
345016278
345017286
345017628
345017862
345021867
345026718
345078216
345081276
345082716
345086217
345127608
345162708
345167802
345176208
345178602
345182607
345187206
345210678
345217806
345260718
345261807
345267108
345270168
345270816
345280761
345710268
345716802
345720186
345721806
345780216
345782106
345810762
345816207
345826701
345860172
345870612
345871206
345876102
346012785
346015287
346015872
346021758
346025817
346027185
346058172
346071285
346082175
346120785
346120857
346150287
346150728
346152807
346170582
346175802
346180275
346218705
346250178
346250817
346251708
346270851
346275108
346280715
346287105
346718502
346820175
346820751
346821705
347021685
347120865
347160852
347180625
347210856
347215608
347280165
347281605
348017652
348025167
348026751
348027615
348065217
348071625
348076215
348126705
348150276
348150762
348157602
348170265
348172605
348175206
348217605
348250167
348256701
348270156
348275601
348610275
348671205
348710625
348720651
348725106
351024786
351240786
351284706
351820746
352016784
352048176
352074186
352086174
352140768
352146807
352160784
352160847
352170486
352170648
352170864
352718406
352814706
354012786
354016287
354018762
354021876
354026178
354076182
354120786
354160287
354162807
354168702
354170826
354180762
354182706
354186207
354216807
354260178
354270186
354271806
354276108
354816702
356018724
356028174
356072184
356120487
356124807
356128704
356140782
356140827
356170842
356184702
356210784
356210847
356240187
356278104
356280174
356812704
358012764
358021746
358024176
358120764
358146702
358162704
358216704
358240176
358241706
358274106
358714206
361024758
361024875
361082475
361082754
361240758
361240875
361254708
361274805
361820475
361820754
361852704
361872405
362014785
362015874
362058174
362084175
362140785
362150748
362154807
362170584
362175804
362718504
364012758
364018725
364027158
364057182
364071825
364081752
364085217
364120758
364152708
364185702
364210785
364257108
364281705
364718205
364725108
364780152
364780215
364815207
364817502
364825701
364851702
364870251
365012847
365120847
365142807
365180742
365210874
367012854
367120854
367152804
368021754
368054172
368142705
368150724
368214705
368250174
368251704
368714502
371024685
371082645
371820645
371842605
372014865
372081654
372140865
372160854
372164805
372810654
372851604
374016582
374018265
374021658
374021865
374025168
374025816
374058162
374062815
374085126
374085612
374086215
374126805
374156208
374160582
374168205
374180265
374186502
374210658
374215806
374250168
374250816
374251608
374265108
374280156
374285601
374610852
374615208
374618502
374620815
374628105
374681205
374815602
374820165
374820651
374850612
374862105
375012486
375012648
375024186
375120486
375120648
375142608
375182406
375240186
375284106
376012584
376014852
376120584
376140852
376154802
376182504
378014625
378052164
378124605
378140625
378150642
378612504
381025746
381026754
381045276
381052476
381064275
381074625
381245706
381260754
381524706
381540726
381640752
381654702
381720654
381740625
381754206
381764502
382014675
382015764
382017654
382045716
382150476
382150764
382157604
382174605
382175406
382410765
382415706
382461705
382741605
384016275
384017625
384025617
384025761
384026157
384026715
384027165
384051762
384056217
384065127
384067152
384071265
384075621
384076512
384127605
384160275
384170625
384176205
384216705
384260157
384260715
384267105
384560172
384576102
384650127
384657102
384671502
384710526
384750621
384756201
384760512
384761205
385014762
385026174
385041726
385072416
385164702
385240716
385260174
385276104
385420176
385472106
385710462
385716204
385720416
386015742
386024175
386072514
386145702
386240175
386274105
386520174
386572104
386710542
386714205
386720514
387210654
401236875
401253687
401253768
401263857
401268753
401325876
401362875
401372685
401385726
401386752
401572863
401582736
401583276
401673285
401682375
401683725
401732865
401753286
401763825
401782563
401783265
401783652
401832756
401835762
401852763
401856273
401875632
402136857
402137865
402153867
402156387
402157683
402168573
402173856
402178365
402178536
402315867
402316758
402317685
402365187
402376185
402378615
402513687
402513768
402516837
402517863
402586173
402613857
402673815
402685137
402687153
402713586
402713658
402735186
402785316
402785631
402786513
402813675
402815376
402815763
402835716
402853176
402861375
402861753
402871635
402873165
403125678
403127856
403158726
403168752
403172865
403175826
403185762
403186725
403261875
403265178
403267185
403285167
403286175
403516287
403521876
403615827
403625187
403715628
403721658
403725816
403726185
403781625
403816275
403816527
403816752
403817625
403826715
403875216
405126783
405126837
405132786
405136287
405162873
405163827
405173286
405173628
405182763
405213867
405216738
405236178
405236817
405237186
405283176
405316782
405316827
405321786
405326187
405328176
405372186
405386172
405812736
405823716
405831726
406123785
406125873
406152837
406153872
406182735
406183275
406213758
406215837
406217853
406235187
406238175
406283715
406318752
406321875
406732185
406812753
406823175
406831275
406832715
407182653
407183625
407253186
407283165
407831625
408127653
408135726
408136752
408153276
408173652
408256173
408271653
408315276
408325716
408326175
408352176
408361275
408361752
408523176
408613275
408621753
408672153
408713625
408721635
408731652
412035786
412036587
412036875
412056837
412057863
412063785
412065873
412068375
412068753
412083675
412085763
412350786
412360758
412360875
412376805
412385706
412530687
412530768
412560837
412563708
412567803
412583607
412630857
412653807
412680753
412730586
412735806
412738605
412753608
412760853
412780635
412783506
412830675
412836705
412863507
412865703
412870653
413026785
413027658
413028675
413028756
413056872
413062875
413065278
413065827
413067285
413075628
413075862
413085267
413086275
413086527
413086752
413087625
413257608
413258706
413260785
413280675
413560287
413586207
413620875
413650827
413720685
413750628
413756208
413780265
413782605
413820576
413820657
413860527
413860752
413865207
413875602
413876205
415023786
415032687
415032768
415037862
415038726
415072386
415072863
415082736
415230786
415283706
415326807
415328706
415360827
415370862
415380726
415820736
415830276
415830762
415836207
416032857
416073285
416235807
416270853
416820753
416823705
417023685
417032865
417230685
417283605
418025736
418026753
418035276
418072653
418073625
418250736
418256703
418630275
418673205
418720653
418730625
418752603
421035876
421073685
421085736
421086753
421630875
421673805
421730685
421780653
421850736
421856703
423015678
423017856
423051876
423056178
423071658
423075168
423075816
423085617
423085761
423086157
423086715
423087165
423150678
423157806
423180657
423516807
423571806
423617805
423650187
423670158
423685107
423710865
423716508
423750816
423751608
423760185
423785601
423786105
423810756
423815607
423856107
423860715
423870165
425016783
425016837
425036187
425038176
425073186
425086173
425130687
425130768
425160783
425160837
425170386
425170638
425170863
425310786
425380176
425718306
425813706
426013785
426015873
426053187
426058173
426083175
426130785
426150738
426153807
426170583
426175803
426310875
426718503
427160853
428017653
428061753
428073165
428150763
428153706
428157603
428173605
428315706
428360175
428361705
428530176
428573106
428731605
431028765
431052876
431085276
431268705
431280765
431520876
431572806
431850276
431875206
432015687
432015768
432016857
432017865
432056187
432081765
432085716
432150687
432150768
432160857
432165708
432167805
432185607
432750186
432785106
432810765
432850716
432861705
435012786
435016287
435016872
435026817
435027186
435071286
435081726
435120867
435126708
435160872
435176802
435180276
435182706
435210687
435210768
435260817
435270861
435276108
435280716
435287106
435710286
435816702
435820176
435821706
436072185
436120758
436125807
436170852
436210857
436250187
436812705
437012685
437120685
437182605
437210865
438015726
438016752
438025176
438072615
438150726
438156702
438250176
438275106
438620175
438672105
438710652
438720615
451073286
451083726
451236807
451270863
451823706
451830726
452013786
452018763
452076183
452130786
452163807
452168703
452170836
452180763
452183706
452310876
452816703
453012876
453018726
453026187
453120876
453128706
453172806
453186702
453210786
453260187
453286107
456130872
456180732
458012736
458120736
458132706
458310726
461072853
461073825
461283705
461320875
461372805
461832705
461835207
461870253
462013758
462038175
462057183
462081753
462130758
462153708
462350187
462378105
462380175
462385107
462735108
462780153
462815307
462817503
462835701
462851703
463015287
463021875
463180752
463215807
463270185
463271805
468052173
468073215
468123705
468150732
468235107
468270153
468712503
471023865
471082653
471230865
471263805
471320685
471382605
471632805
471683205
471820653
471835602
471852603
472015386
472015638
472016583
472035168
472058163
472063815
472150386
472150638
472160583
472185306
472186503
472610853
472618503
472630815
472830165
472863105
473015268
473015826
473021685
473085216
473125806
473210685
473256108
473280165
476012853
476023185
476120853
476152803
476230185
476283105
478023615
478031625
478213605
478230615
481025376
481035726
481036752
481052673
481053762
481072563
481073265
481073652
481253706
481350726
481356702
481520736
481530276
481532706
481573206
481620375
481623705
481650732
481672305
481720563
481725603
481752306
481753602
481760532
482013576
482035617
482035761
482051763
482053716
482063751
482065137
482067153
482075316
482075631
482076513
482356107
482370165
482560173
482576103
482650137
482657103
482671503
482710365
482710536
482750316
482750631
482760513
483015627
483016257
483017265
483026175
483026751
483061275
483061752
483071625
483075126
483150762
483156207
483165702
483170265
483250716
483260751
483265107
483270615
483276105
483710625
483715602
483720651
483725106
485016732
485021736
485023176
485031276
485120763
485136702
485160732
485210736
485230176
485713206
486013752
486021753
486130752
486153702
486210753
501273846
501283764
501382746
501423876
501632874
501834726
501842736
501843276
501862743
501863724
501873426
501873642
502136487
502143687
502143768
502146837
502147863
502164873
502178463
502183674
502314876
502318746
502416873
502483176
502673184
502713846
502783416
502813764
503126784
503146872
503164827
503174286
503174628
503182764
503186274
503186742
503214867
503216487
503217684
503217846
503264187
503268174
503284176
503286714
503716284
503718624
503812746
503824716
503826174
504132876
504138726
504273186
504316872
506142873
506183724
506213847
506231874
506312874
508142763
508143726
508172643
508243176
508314726
512043867
512048763
512063487
512063748
512064837
512067843
512073684
512460873
512476803
512634807
512670843
512730846
512743806
512783604
512830764
512846703
512860743
512873406
513024786
513026748
513028476
513064287
513064872
513068274
513078624
513082746
513240786
513240867
513247806
513260487
513260748
513270684
513284706
513286407
513287604
513426807
513627804
513720648
513760284
513780624
513786204
513824607
513827406
513842706
513864702
514023876
514036287
514038762
514062873
514230876
514273806
514360872
514376802
514836702
516034827
516072843
516320874
516372804
516832704
518023746
518032764
518230746
518243706
521083746
521830746
521843706
523014876
523016784
523046187
523048176
523067184
523078164
523081764
523140768
523146807
523160784
523160847
523170486
523170648
523174806
523610874
523718406
523860174
523876104
524036178
524180763
526038174
526130874
526180734
528063174
532016874
532160874
532176804
534018726
534120876
534128706
534186702
534210786
536021874
536214807
536270184
536271804
536810724
538012746
538120746
538142706
538210764
541032876
542073186
542136807
542170863
542180736
542813706
543210876
561023874
561230874
561273804
562013847
562083174
562130847
562143807
562180743
572013486
572013648
572013864
572130486
572130648
572143608
572183406
573016824
573018264
573026184
573260184
573286104
581023764
581032674
581042763
581043726
581063274
581320746
581342706
581732406
582014763
582016473
582016734
582036174
582073416
582130674
582160734
582164703
582173604
582430176
582473106
582613704
582710463
582730416
583021746
583024176
583120764
583146702
583160274
583162704
583176204
583210746
583216704
583712604
583714206
584012736
584120736
584132706
586012743
586120743
586142703
601238754
601245837
601247853
601283574
601283745
601354827
601374852
601382475
601452837
601453287
601473825
601532847
601582743
601732485
601752843
601782534
601783254
601823475
601823547
601824735
601825743
601832574
601834275
601834752
601852473
601853427
601853742
601872543
601873524
602134587
602134758
602143785
602143857
602148753
602153748
602154837
602157843
602173845
602174385
602174538
602175483
602315487
602318754
602341875
602384175
602435187
602438175
602483715
602513784
602713548
602714835
602715843
602753184
602781543
602813457
602815734
602817543
602831754
602853714
602873154
603124857
603125748
603127584
603142875
603145827
603172854
603174582
603178524
603182574
603182745
603185247
603185724
603187254
603215478
603217548
603245718
603245871
603251874
603254178
603254817
603274851
603275148
603278154
603285417
603285741
603287514
603415872
603425817
603512874
603514827
603517284
603518724
603528174
603712584
603714852
603715248
603718254
603721854
603724815
603728514
603784125
603812475
603812547
603821745
603824751
603825147
603827154
603845217
604123875
604128735
604135287
604138275
604138752
604172583
604182375
604183725
604185732
604218753
604235178
604237851
604238715
604253187
604271853
604317852
604325187
604378215
604381275
604382715
604712385
604712853
604731285
604813752
604815237
604821753
604832175
604835712
605128743
605172843
605213874
605231847
605234187
605312847
607132584
607143825
607231854
607283154
607312854
608123745
608124753
608132475
608142735
608143752
608173254
608214735
608215743
608234175
608243715
608273514
608314752
608321754
608412753
608431275
608532174
608712543
608723154
608732514
612034785
612035874
612038754
612043587
612048573
612053478
612054873
612057483
612074835
612075843
612083457
612085734
612087543
612350487
612380754
612385407
612530784
612537804
612540873
612573408
612583704
612730548
612735408
612740835
612743508
612745803
612780453
612784503
612830457
612834507
612845307
612847503
612850473
612850734
613024587
613024758
613027485
613028745
613045728
613058724
613072584
613075248
613078254
613082475
613082547
613240758
613247508
613250478
613254708
613270548
613275408
613284507
613425708
613450872
613457208
613475802
613480275
613520748
613520874
613524807
613527408
613540827
613570284
613572804
613580724
613587204
613720584
613740852
613750248
613754802
613758204
613780542
613785402
613842507
613850274
613854207
613857402
613872405
613874502
614025387
614028375
614035278
614038572
614052837
614083752
614085237
614357802
614720385
614720853
614752803
614782305
614825703
614830275
614837502
614850237
614853702
614872503
615037824
615043827
615320847
615342807
615832407
617034825
617052843
617320854
617352804
617832504
618023475
618032574
618053274
618072543
618234705
618250743
618723504
621034875
621053874
621083475
621340875
621374805
621783504
621834705
621850743
623014857
623015487
623015748
623017584
623045817
623054187
623071485
623071854
623074158
623075184
623078514
623081574
623081745
623140857
623145708
623170845
623174508
623180475
623185407
623187504
623450817
623470185
623470851
623510847
623578104
623580174
623710485
623710548
623714805
623740815
623751804
623780514
623810574
623815704
623841705
623850147
623857104
624013875
624018735
624037158
624037815
624078315
624130758
624135807
624173805
624185703
624350187
624370158
624385107
624810753
625018743
625140873
625148703
625183704
625410837
627013854
627043815
627410853
628013745
628031754
628053147
628073415
628130745
628140753
628170543
628173504
628435107
628470153
628730154
628753104
631072485
631072854
631082745
631280754
631425807
631470852
631720854
631752804
631820745
631842705
632048175
632074185
632081754
632145807
632170854
632814705
632851704
634015872
634018275
634018752
634025178
634027851
634028715
634075218
634085712
634087215
634120785
634127805
634150287
634150872
634158702
634170825
634178205
634182705
634185207
634210758
634218705
634250178
634257801
634280157
634285701
634715208
634781205
634820751
634825107
634850712
634870215
634872105
635012874
635021847
635024187
635120874
635172804
635217804
635241807
635247108
635284107
635410287
635810427
635810742
637021854
637214805
637250184
637251804
637810524
638024175
638052174
638124705
638150742
638210574
638712504
641025837
641027853
641035287
641082753
641250837
641257803
641730285
641783205
641820753
641835702
641852703
642015873
642018753
642031875
642150873
642158703
642175803
642183705
642315807
642370185
642371805
642810735
642830175
642873105
643028175
643085217
643125807
643257108
643280175
645230817
645310827
647023185
647230185
647283105
648013275
648032175
648130275
648173205
648320175
651023847
651083274
651230847
651243807
651830274
651873204
652014837
652017843
652034187
652083714
652140837
652147803
652730184
652783104
652810743
652830714
653014872
653027184
653140872
653174802
653270184
653287104
654012873
654120873
654172803
658012743
658023174
658120743
658142703
658230174
658273104
671023548
671032584
671032845
671042853
671053284
671082543
671083245
671083524
671234805
671250843
671420853
671423805
671430825
671452803
671823504
671843205
672014853
672018543
672043185
672083154
672083415
672130845
672134508
672143805
672148503
672180543
672430185
672483105
672513804
672813405
673012548
673015428
673015842
673025148
673028154
673045218
673081254
673082514
673120854
673128504
673145802
673152804
673180524
673250148
673258104
673518204
673810254
673812504
673840215
674012835
674031825
674032185
674320185
674382105
678013254
678043215
681023574
681023745
681024375
681024753
681042735
681043752
681052374
681053247
681072453
681072534
681073425
681073542
681230745
681240753
681273504
681320475
681324705
681350742
681372405
681432705
681435207
681470253
681520743
681542703
681720534
681730254
681730542
681752403
681753204
682014573
682015437
682017453
682043715
682045173
682071543
682073145
682135407
682170453
682340175
682374105
682410753
682430715
682534107
682570143
682714305
682715403
682734501
682741503
683015472
683017542
683021475
683045127
683054172
683120574
683142705
683150247
683150724
683157204
683172504
683215407
683217504
683245701
683250174
683251704
683420175
683512704
683714502
683721504
683724105
683740125
684035217
684052173
684120375
684123705
684150732
684172305
684231705
684310275
684312705
684371205
684712503
701245638
701248653
701283465
701283546
701284635
701285643
701328654
701354286
701354628
701382564
701384652
701423865
701452638
701453268
701453826
701485632
701523846
701532486
701532648
701532864
701563824
701583264
701583426
701583642
701623485
701624835
701634852
701653428
701653842
701682435
701684253
701823645
701824653
701832465
701832546
701842635
701843652
701863254
702134685
702138654
702153846
702163485
702163548
702164835
702165843
702183456
702185634
702186543
702314865
702315468
702341685
702381654
702384615
702413856
702415386
702416583
702438615
702483165
702583614
702613458
702614538
702615834
702631854
702643185
702681453
702683154
702684513
702853164
703124658
703126854
703128645
703145862
703152864
703164285
703164852
703182465
703182546
703214568
703214856
703216458
703254618
703261854
703268514
703281645
703284651
703285146
703286154
703412865
703415682
703418625
703425186
703425618
703485162
703485216
703512684
703512846
703514286
703514628
703518426
703582164
703586214
703612485
703614582
703621584
703621845
703628154
703681542
703685241
703685412
703812564
703815246
703816254
703825416
703825641
703826514
704135268
704135682
704162853
704183652
704185236
704213865
704215836
704218635
704238165
704238651
704281653
704316582
704318265
704321658
704325816
704326185
704382165
704385612
704612583
704613852
704615238
704618532
704628135
704635812
704638215
704681235
704682315
704812365
704831265
704832615
705231486
705231648
705312486
705312648
706132854
706231584
706253184
706312584
706423185
706812543
708124635
708132564
708142653
708153426
708153642
708163524
708213645
708234615
708243165
708251643
708263154
708314625
708321645
708421653
708512643
708612453
708612534
708613542
708621543
708623145
708623514
708631245
708631524
708632415
708641253
712034658
712035684
712038645
712043568
712043856
712045863
712048365
712048536
712054683
712058463
712063458
712064385
712064538
712065483
712065834
712340865
712345806
712350468
712364805
712365408
712380645
712430856
712450386
712450863
712460583
712485306
712486503
712534806
712536408
712538604
712540683
712546803
712560843
712568403
712580463
712630458
712640538
712645308
712650483
712650834
712684305
712685403
712835406
712836504
712840563
712860453
712864503
713042658
713042865
713048256
713048625
713052846
713054862
713056248
713058426
713058642
713062485
713064258
713064582
713068245
713082564
713084526
713085462
713086542
713240568
713254806
713260458
713420658
713426508
713450682
713456802
713458206
713460285
713462805
713485602
713520468
713520684
713524608
713540286
713540628
713542806
713560248
713562408
713564802
713580426
713582604
713584206
713640582
713654208
713658402
713680245
713682405
713820564
713842605
713850246
713850624
713856204
713860542
713865402
714023658
714025368
714025836
714036258
714038526
714052386
714052638
714052863
714058362
714062583
714063852
714065238
714068532
714082536
714085326
714230865
714238605
714250836
714280635
714356208
714360582
714368205
714380265
714386502
714536802
714620583
714625803
714628305
714630285
714630528
714650238
714653802
714680532
714820365
714823605
714850632
714862305
715036284
715036428
715038462
715038624
715043286
715043628
715082463
715320486
715320648
715342608
715382406
715432806
715632408
716023854
716034285
716034528
716038542
716230854
716253804
716320584
716382504
716532804
716582403
716820543
716842503
718023564
718024653
718032465
718032546
718035642
718042635
718043652
718052364
718062534
718063254
718230645
718243605
718324605
718340625
718350642
718520643
718542603
718620534
718623405
718630254
718630542
718634205
718652403
718653204
721034685
721038654
721053684
721063548
721083564
721084653
721340685
721384605
721630548
721634805
721643508
721650843
721683405
721830645
721843605
721863504
723015468
723016854
723018645
723045618
723045861
723051864
723054816
723056184
723061584
723061845
723065148
723068154
723081465
723081546
723140658
723140865
723145806
723148605
723150684
723154608
723156804
723180564
723185604
723450186
723450618
723480651
723485106
723510486
723510648
723510864
723586104
723614508
723615804
723641805
723645108
723658104
723680415
723680541
723685401
723810465
723810546
723815406
723816504
723850416
723850641
723860514
724018365
724018653
724031865
724035168
724035681
724036518
724053186
724068135
724081635
724136805
724180653
724310658
724315806
724350816
724351608
724360185
724385601
724386105
724610853
724630158
724631508
724680135
724810635
724835106
725034186
725038416
725410638
725810643
726038514
726083154
726143805
726430185
726483105
728013465
728013546
728031645
728041653
728053164
728053416
728053641
728063145
728063514
728134605
728150643
728410653
728435601
728610543
728630145
728630514
728640153
731052864
731062584
731062845
731082465
731425608
731480652
731620584
731620845
731642805
731680254
731682504
731824605
731850642
732018654
732048615
732061854
732158604
732184605
732610548
732614805
732651804
732680514
734015682
734025186
734028165
734028651
734062185
734065812
734068215
734081652
734085162
734085216
734120658
734120865
734150268
734150682
734165208
734258601
734260815
734268105
734285106
734618205
734620185
734620851
734625108
734650812
734682105
734685201
734810652
734812605
734815206
734825601
734861205
735021486
735021648
735180426
735180642
735216408
735218604
735240168
735241608
735281406
735410268
735410826
735610428
735610842
736021584
736180524
736214508
736281504
736510824
738012645
738014265
738014652
738024615
738041625
738051264
738061524
738120645
738142605
738210465
738210546
738240615
738250164
738250641
738410625
738421605
738510264
738614502
738621504
741025638
741028653
741035268
741062853
741082635
741250638
741258603
741380625
741620853
741635802
741652803
741830265
741863205
742013865
742031685
742063185
742081653
742130865
742163805
742180635
742315608
742381605
742610835
742683105
742810653
742813605
742830615
743015286
743025168
743028615
743250168
743265108
745230618
745310286
745310628
748012653
748023165
748032615
748063215
748120653
748135602
748310652
748320615
748613205
748630215
751023486
751023648
751082643
751230486
751230648
751243608
751283406
751820643
751842603
752013684
752130684
752183604
753028164
753268104
753280164
761023584
761032854
761043285
761230584
761283504
762013485
762053184
762083514
762134805
762150843
762813504
763024815
763140285
763184205
763210854
763214805
763240815
781025643
781032456
781034265
781035462
781042365
781045632
781052463
781052634
781054236
781062435
781064253
781230465
781230546
781240635
781243506
781245603
781263405
781320564
781325604
781340652
781354602
781362504
781450632
781453206
781523406
781530264
781530426
781530642
781532604
781543602
781562403
781563204
781620435
781624305
781630452
781634502
781635204
781640532
781653402
781654203
782014536
782015346
782015463
782034615
782035164
782041635
782051643
782053614
782054163
782061453
782063154
782064513
782130456
782134506
782146503
782150634
782153406
782160543
782310654
782351604
782413506
782430165
782463105
782510643
782516403
782530614
782610534
782615304
782631504
782635401
782640513
782651403
783014256
783014562
783016452
783021564
783024651
783025146
783025614
783026154
783045216
783045621
783051624
783054612
783056214
783061542
783065241
783065412
783120465
783120546
783142506
783156402
783162405
783164502
783210645
783241605
783245106
783260154
783261504
783410265
783412605
783420615
783450162
783450216
783465102
783510246
783512406
783520164
783560214
783562104
783610425
783621405
783624501
783641502
783650241
783650412
784012563
784013265
784015623
784016532
784021365
784021653
784032165
784032651
784035126
784061235
784062315
784125603
784130652
784135206
784150236
784153602
784215306
784315602
784320651
784350612
784610235
784610352
784613502
784620315
784630251
784635102
785012436
785031426
785031642
786012534
786031524
801235476
801237654
801253674
801254376
801254763
801256734
801273564
801274653
801342675
801345762
801346725
801352764
801356742
801364275
801365724
801372465
801372654
801432576
801453627
801462375
801463257
801463725
801465732
801472635
801524736
801526743
801546273
801562473
801562734
801563742
801572643
801573246
801627543
801634725
801635742
801642573
801645237
801647253
801652437
801653472
801653724
801654732
801672534
801673425
801674352
801724563
801725436
801726534
801734526
801735462
801735624
801736542
801742365
801742536
801743256
801743562
801745326
801746523
801752346
801753264
801754623
801763245
801763452
801764532
802143756
802145376
802145763
802153476
802163745
802167543
802314756
802315647
802316457
802316574
802317465
802346175
802346751
802351746
802354176
802361754
802415673
802456173
802471653
802514637
802517643
802531764
802543176
802573164
802615374
802617534
802631574
802634175
802641375
802641753
802643715
802653741
802671543
802673514
802714365
802716435
802731465
802731546
802735641
802743165
802743651
802745613
802753614
802763415
803124675
803125764
803142765
803145726
803154762
803162754
803174265
803214576
803215467
803217564
803246157
803246715
803247165
803254167
803256417
803256741
803257614
803261574
803265714
803271465
803271546
803274156
803412675
803412756
803416725
803426175
803451726
803465217
803512476
803514267
803514672
803516427
803516742
803517246
803517624
803521674
803524176
803526714
803612745
803614527
803615724
803617425
803625417
803625741
803651742
803654217
803674125
803674251
803715264
803721456
803724516
803725146
803741652
803742615
803745162
803745216
803752164
803752641
803754126
803761254
803762514
804125736
804135627
804136257
804136725
804137265
804152763
804215763
804235671
804237156
804261375
804271635
804273165
804316275
804317625
804326715
804351276
804352716
804356172
804362751
804371652
804375216
804512673
804513762
804516372
804531726
804536271
804613572
804613725
804615327
804615732
804617352
804621735
804631752
804635172
804637251
804671253
804712356
804713526
804716253
804723615
804732165
804736215
804736521
804751632
805132764
805136274
805143276
805214736
805234761
805236147
805241763
805246731
805263174
805314762
805321476
805342176
805346712
805412376
805412763
805416732
805426713
805431762
805432716
805436217
805621743
805631247
805713246
805713462
805716234
805721634
805732614
805736412
805741236
805743612
806123754
806134275
806143725
806172543
806214753
806235174
806235741
806241735
806243751
806253147
806315742
806324175
806341752
806352174
806412735
806413275
806413752
806423715
806432175
806451732
806512374
806531274
806712453
806713542
806714235
806721543
806734512
806743215
807152643
807213654
807413625
807631254
812034567
812036457
812036745
812037465
812037654
812053467
812054637
812056347
812057643
812063547
812065374
812067534
812074365
812076435
812340756
812345607
812350647
812354706
812360457
812360574
812360745
812367405
812370654
812376504
812436507
812450673
812465307
812467503
812470563
812475603
812540637
812547603
812563407
812570436
812574306
812637504
812643507
812650374
812670345
812756304
812760354
812760435
813024657
813026475
813026547
813027645
813042675
813046572
813047652
813052476
813054267
813057246
813064527
813067425
813075264
813240576
813246507
813247605
813250467
813260475
813260547
813270564
813270645
813274506
813420675
813420756
813426705
813457602
813470652
813476502
813520476
813526407
813527604
813540267
813540672
813547206
813560427
813567402
813570462
813570624
813574602
813620745
813625704
813627405
813640527
813652407
813746205
813765204
814023675
814025637
814026735
814032576
814035267
814035672
814053276
814056723
814063572
814063725
814065327
814065732
814067352
814072356
814073526
814076253
814236705
814250763
814256307
814260735
814265703
814270365
814273605
814327605
814360275
814370625
814376205
814520673
814526703
814530762
814560372
814563702
814572603
814576302
814630572
814630725
814635702
814637205
814650327
814657302
814670523
814675203
814720356
814723506
814750362
814760253
815023476
815023764
815026374
815026743
815034276
815062734
815073246
815073462
815076234
815234706
815246703
815260743
815340276
815364702
815420376
815420763
815436702
815460732
815462703
815472306
815720643
815724306
815726403
815730246
815734602
815740263
815740632
815742603
815746302
815760234
815763402
816023745
816024375
816032475
816042573
816053724
816054732
816072453
816073254
816073542
816074235
816243705
816254703
816345702
816420735
816430275
816430752
816432705
816453702
816473205
816520374
816523704
816540732
816572304
816720453
816724503
816730254
816735402
816740235
816742305
816743502
816750432
817023654
817032645
817423605
817430625
817643205
821035746
821036754
821043756
821045376
821045763
821063745
821064753
821067543
821350746
821356704
821473605
821534706
821560743
821573406
821634507
821640375
821640753
821647503
821654703
821674305
821675403
821735406
821736504
821740563
821760453
823014756
823015647
823016574
823041576
823046175
823056471
823056714
823057164
823065417
823065741
823067514
823071456
823074516
823074651
823075146
823140675
823150647
823154706
823156407
823160574
823165704
823170465
823170546
823410576
823465107
823470615
823476105
823514607
823540176
823540761
823560714
823571604
823574106
823617504
823645701
823650174
823650417
823670451
823675104
823716405
823740165
823740516
823746501
823750146
823751406
823754601
823760154
823760541
824013765
824015736
824031756
824035617
824036157
824037165
824051763
824053716
824061735
824073615
824075316
824130765
824150736
824170635
824310675
824316705
824356107
824360715
824370165
824510763
824610573
824615703
824631705
824671503
824710536
824730615
824736105
824750631
825016473
825031476
825034716
825036174
825043176
825046713
825061743
825071634
825170643
825310764
825316407
825340716
825371406
825430176
825430761
825460713
825610437
825613704
825641703
825710346
825710463
825714603
825731604
825741306
826013475
826034175
826051473
826071543
826130754
826153704
826430715
826450731
826510473
826510734
826713504
826741503
826743105
827043165
827610453
831024675
831025764
831027654
831042576
831054762
831056472
831064725
831065742
831072456
831074265
831075624
831250476
831250764
831257604
831274605
831275406
831520674
831526704
831540762
831572604
831625407
831640725
831645702
831670452
831674502
831720456
831724506
831740265
831745206
831746502
831750624
831752406
831760542
831764205
832045176
832061574
832071465
832071546
832075641
832140765
832164705
832450176
832475106
832514706
832561704
832614507
832670541
832674105
832715406
832716504
832741506
832745601
832761405
834016257
834016725
834017265
834025671
834027156
834051726
834052761
834056127
834061752
834062715
834065172
834067251
834072165
834075261
834076521
834120756
834125607
834150627
834152706
834160257
834160725
834167205
834170652
834210657
834250671
834257106
834516702
834521706
834560271
834576201
834612705
834620715
834627105
834650172
834651702
834657201
834670125
834672501
834710256
834710562
834716205
834720516
834756102
834760215
834760521
834762105
835012764
835016427
835016742
835024761
835026147
835041762
835042716
835046217
835061247
835072614
835074216
835076412
835120476
835124706
835160274
835176204
835240617
835260147
835264701
835270164
835270416
835270641
835410627
835412706
835426701
835460217
835461702
835470261
835610472
835617204
835641207
835671402
835720461
835720614
835726104
835740621
835760412
836014752
836025174
836025741
836074512
836140275
836174205
836245701
836254107
836270514
836275104
836410257
836420751
836514207
836571204
836710452
836720541
836724105
836740512
837012654
837061254
837120654
837152604
837260154
837410265
837610542
837614205
837651204
841035627
841053726
841062573
841062735
841063752
841065237
841067253
841075326
841076523
841350762
841356207
841365702
841370265
841520763
841523706
841530726
841560273
841562703
841576203
841620573
841620735
841630752
841632705
841650237
841653702
841657203
841670532
841675302
841720365
841720536
841750326
841760523
842013756
842015763
842036175
842036751
842061753
842063715
842075613
842150376
842170653
842175306
842356701
842365107
842370615
842376105
842510736
842613705
842615307
842651703
842671305
842710563
842730651
842735106
842750613
843012765
843025617
843025761
843026157
843027165
843056217
843071652
843120765
843150726
843215607
843250617
843250761
843260157
843265701
843267105
843710265
843712605
843715206
843750216
843751602
845013276
845016372
845021376
845026731
845036271
845036712
845071236
845073612
845130762
845136207
845173206
845210376
845210763
845230167
845260731
845320176
845320761
845360712
845630217
845710623
845713602
845716203
845723106
845730126
845731206
845732601
846023751
846031752
846073215
846123705
846231705
846235107
846253701
846270153
846312705
846351702
846710532
847023615
847213605
847230615
851024376
851024763
851026734
851032476
851036274
851042673
851043762
851063247
851072463
851072634
851074236
851260734
851264703
851320476
851320764
851346702
851372406
851426703
851430762
851436207
851463702
851470263
851623704
851630247
851640732
851643207
851673402
851720463
851720634
851732604
851734206
851736402
851740236
851740623
851742306
851762403
852031746
852043716
852063174
852071643
852134706
852160743
852316704
852341706
852413706
852430716
852630174
852673104
852710436
852710643
852713604
852741603
853014276
853016724
853021764
853074612
853076214
853126704
853140276
853174206
853210764
853246701
853261704
853264107
853270146
853410726
853714602
853724106
853740612
854021736
854023176
854210736
854230176
854231706
854273106
856021743
856210743
856230714
856241703
856310724
861023475
861032745
861045273
861045732
861054372
861230475
861273405
861340275
861342705
861350724
861374205
861430725
861435702
861520473
861534207
861570243
861572403
861724305
861725403
861734502
861740532
861743205
862013574
862014753
862031754
862043751
862073415
862130574
862130745
862143705
862173504
862314705
862351704
862430751
862435107
862453701
862470153
862510743
862710534
862713405
863015427
863015742
863017524
863041752
863054271
863057214
863125407
863127504
863145702
863152704
863241705
863250714
863410752
863415207
863450217
863451702
863710254
863712504
863724501
863745201
864012735
864031725
864051273
864072315
864132705
864213705
864230715
864250731
864310725
864325107
864370152
864721503
871023645
871043265
871052643
871053624
871062453
871063542
871230645
871243605
871263504
871320654
871352604
871430265
871463205
871620453
871630542
871632504
871634205
871643502
871650243
871652403
872013465
872013546
872014635
872015643
872034165
872043615
872063514
872130465
872130546
872140635
872143506
872145603
872163405
872413605
872430615
872530164
872563104
872610543
872630514
873014652
873025416
873025641
873026514
873045261
873051264
873064125
873140265
873140652
873154602
873164205
873215406
873216504
873250416
873250641
873260514
873620154
873621504
873640125
874012653
874032615
874120653
874152603
874312605
874320615
876023154
876230154
876253104
