016258347
016428357
016785234
017246538
017248356
017256348
017268345
017348526
017358246
017365248
017368425
017426358
017428536
017458326
017486325
017528346
017546328
017548362
017568324
017685324
018237456
018257346
018276345
018346527
018347562
018547326
018567234
021347568
021356478
021468357
021547386
021548367
021567348
021578346
021658347
024318567
025678341
026341578
026358471
026487531
026581437
027341586
027348561
027356481
027368451
027386415
027418356
027436581
027458361
027461358
027465381
027486351
027516348
027518436
027541368
027546381
027568341
027581346
027584361
027618345
027654381
027685341
027856341
028317456
031458267
031468527
031487526
031526478
031528467
031546728
031548627
031567428
031568472
031576482
032418567
032461587
032465781
032468571
032471568
032548671
032567481
032568417
032568741
032578461
032658471
032671458
036418572
036452781
036572481
037416258
037418526
037428561
037456812
037458621
037462581
037486521
037526481
037542681
037546821
037561248
037561482
037568421
037582461
037584621
037642518
038127456
038421567
038426571
038427516
038527461
038562471
041258367
041527368
041538267
041568327
041576328
041628357
042518367
042531678
042537681
042568371
042576381
042638571
043512678
043567812
043568721
043572681
043578612
043587621
043651728
043658712
045673821
045761382
046527381
046532781
046571238
046573281
046578321
046582371
046587231
046735812
046753821
047128356
047256381
047516238
047516382
047516823
047526318
047536128
047536281
047536812
047538621
047562381
047563821
047568123
047568231
047581362
047582631
047586213
047658321
047685123
047816325
047826351
047836521
047852361
047856123
048521367
048563712
048567321
048576231
048657231
051238467
051248637
051348672
051428367
051438627
051468372
051648327
051678342
052347681
052348617
052368471
052438671
052478361
052618347
052641738
052648371
052671348
052768341
053462781
053468712
053471682
053641278
053648721
053672481
053746821
053768142
054261387
054263781
054613782
054627381
054628731
054631728
054632781
054672831
054673812
054678321
054728361
054762381
054763821
054768123
056241378
056472381
056478231
056724381
056732148
056732481
056734821
056741823
056742318
056742831
056743128
056743281
056748132
056748321
056782341
056783142
056784123
056784231
056817324
056827413
057148326
057164328
057168234
057168342
057186324
057218346
057248361
057261348
057264381
057281364
057286341
057342618
057346812
057348621
057362481
057368241
057386421
057426381
057432681
057436821
057438261
057461238
057461823
057463812
057468321
057482361
057483621
057486123
057486231
057486312
057612348
057614823
057623481
057624318
057632841
057638142
057638421
057642381
057643821
057648123
057648231
057681342
057682431
057684132
057684213
057816342
057824361
057826314
057836124
057846132
057846321
057862134
057862341
057864123
057864312
058147236
058241367
058342671
058367421
058427361
058437621
058467231
058617342
058621347
058627431
058632471
058637241
058637412
058647321
058672341
058674123
058746312
061247538
061248357
061278345
061328457
061427358
061438257
061458327
061528347
062341587
062348571
062357481
062381457
062437581
062541378
062548317
062578341
062751348
063428571
063458721
063472581
063541728
063542781
063742851
063752481
064528371
064532718
064572381
064573821
064578123
064578231
064758321
065187324
065218347
065248371
065271348
065274381
065274813
065372481
065432781
065472831
065473281
065478321
065483721
065713428
065714823
065718324
065728134
065728341
065734812
065742381
065742813
065743821
065748123
065781234
065783241
065784213
065784321
065827431
065872341
067128345
067158324
067185342
067185423
067215348
067218354
067241358
067245381
067251438
067281345
067285431
067342581
067351248
067358421
067382451
067418325
067428351
067438521
067451328
067452381
067458123
067458312
067485132
067485321
067521348
067524381
067532481
067534821
067543128
067548321
067582341
067584123
067584231
067815324
067825341
067842351
067845123
067845312
067854321
068217345
068347521
068417235
068432571
068475123
068527341
068537421
068547231
068547312
068574321
068715342
068754123
072348516
072561348
074561382
074561823
074562831
074563128
074563281
074568321
075164238
075168243
075168324
075268341
075361824
075462381
075462813
075463821
075468231
075814623
075862314
075863412
075864132
075864321
076148325
076218345
076248351
076251348
076352481
076425381
076425813
076432581
076452831
076458321
076485123
076528341
076542381
076543821
076548231
076815234
076821345
076845321
076852341
076853142
076853421
078146352
078156324
078256341
078316245
078456312
078546321
082431567
083542671
084567123
085167342
085467132
086175234
086217435
086427351
086457312
086574123
087136245
087146325
087156234
087156342
087156423
087165324
087246351
087265341
087316425
087346521
087356241
087356412
087365421
087415326
087416235
087416352
087416523
087426315
087432561
087436125
087436512
087462351
087463521
087465123
087465312
087516324
087524316
087526341
087542361
087542613
087546312
087563412
087564213
087564321
087652341
087654123
140287356
147328056
157268034
157268340
157408326
158247036
158247360
160258347
160275348
160285374
160287345
160387425
160428357
160478325
165278340
165408327
167248035
167248350
167254380
167285340
167308425
167328045
167405328
167408235
167408352
167408523
167438025
167458320
167485023
167485230
167508324
168237045
168257034
168257340
168342057
168347025
168407325
168427350
170256348
170268345
170358246
170386452
170465283
170468235
170486325
170685324
176238045
176258340
176325048
176358420
176408325
176428035
178206345
178356024
178356240
180237456
180257346
180376425
180457236
180467325
180476235
180547326
180567234
186207345
186257430
186275034
186275340
187205346
187206354
187206435
187236450
187256034
187306245
187346025
187356042
187356420
187423056
187426035
187426350
187436052
187436520
187452360
187456023
187456230
187465320
187546320
187564230
187625034
210356478
210358467
210368547
210438567
210457368
210467385
210467538
210468357
210476358
210487356
210567348
210768345
216548037
217346085
217348056
217458036
217458360
217465380
217486350
217506348
217546038
217605384
218307456
218357046
218357460
218365470
218376045
218376450
231408567
240318567
241507386
241587360
247301586
247381560
250367481
250481637
251308467
251368470
251487630
251608347
251648037
257386041
257408361
257604381
257861340
260341578
260375481
260381547
260387451
260457381
260481357
260487531
260518347
260571348
261348057
261348570
261458037
261458370
261487350
265408371
265874013
267158340
267308451
267358041
267381045
267381450
267384051
267401358
267405381
267408315
267408531
267418350
267438051
267451038
267485031
267485310
267508341
267548031
270356481
270386415
270418356
270436581
270458361
270461358
270465381
270481536
270486351
270581346
271468350
271548036
275346081
276305481
276318045
276385410
276408351
278451360
278546031
280317456
280416357
280437561
280467351
280517346
280657341
286417035
286417350
287106345
287316045
287316450
287346051
287351046
287431560
287456031
287456310
287461350
287501346
287541036
287541360
310427568
310467258
310468527
310478562
310487526
310548627
310567428
310627458
310657248
310687425
312408567
316478052
316478520
317258046
317406582
317428056
317428560
317456028
317462058
317462580
317468025
317468250
317486520
317548026
317602458
318407562
318467520
318547062
318547620
320457681
320468571
320476581
320487561
320567481
320581467
320587641
320671458
321407568
321408576
321408657
321457086
321457860
321458670
321467058
321478056
321508467
321568470
321578064
321578640
326401578
326407581
326418570
326471580
326541078
327406518
327416580
327451680
327456081
327468051
327468510
327481560
327506481
327548061
327561480
327586410
328401567
328407516
328417056
328461570
328476510
328541067
341528670
341587620
347526810
352468071
352487610
357408621
357481062
357481620
358421670
358641027
358642071
360418572
360421578
360427581
360452781
360478521
360482571
360528471
360582417
361287450
361428057
361428570
361542078
362478051
362478510
362481057
362481570
362548071
365408721
365472081
367401528
367405821
367408125
367408251
367408512
367418520
367421580
367425081
367458021
367482051
367482510
367508421
367541028
367542081
367852041
368407521
370412568
370418526
370428561
370456281
370468251
370481256
370482516
370486521
372401568
372406581
372461058
372486510
372548016
376408521
376452081
378246051
378402561
378541260
380417562
380426571
380467521
380472561
380527461
380657421
381427056
381547026
382507641
382547061
386402571
387401562
387402516
387412560
387416025
387416250
387426051
387451026
387452061
387452610
387456012
387456120
387461520
387502461
387546021
387562410
410267358
410328567
410523678
410527368
410528637
410628357
416258370
416328057
417206358
417238056
417256038
417268350
417326058
417368520
417508326
417528036
417528360
417538062
417586320
418362057
418532067
418532670
418602357
420531678
421308567
421368057
421387560
421508637
421538670
421658037
427306581
427318056
427361058
427361580
427386051
427508361
427581360
427605381
430512678
430567812
430572681
430581267
430587621
430652781
430681527
431508267
431568027
431587026
431587260
432501678
432571068
432571680
432651078
432651780
432761058
436582710
437506812
437508621
437528061
437581620
437586021
437586210
438206571
438217056
438217560
438261570
450631782
450672381
450673821
450678231
450683271
450687321
451208367
451387062
451682370
452378061
452687310
453602781
453671082
453671820
457206381
457261038
457261380
457286031
457608321
457683021
457683210
457802361
457806123
457861023
457862310
458607231
458637021
460218357
460517328
460527381
460532781
460538712
460581327
460587231
460587312
460735281
460758123
460857321
460875123
461508327
463281570
463508721
463512780
463528071
463572081
463572810
463581720
465271380
465708321
465721830
465732081
465781320
465783021
465783210
467108325
467208351
467231580
467258031
467281350
467308521
467328051
467351028
467502381
467503821
467508123
467508231
467508312
467518320
467521038
467523081
467538021
467582031
467805321
467825310
467835012
468175023
468321057
468321570
468753120
470216358
470256381
470281356
470326581
470382561
470516238
470516382
470518326
470526318
470528361
470536281
470561328
470568312
470583612
470586321
470685231
470856123
471286350
471328056
471386520
473582061
473582610
475861032
476251038
476251380
476325081
476501238
476508321
476528310
476531280
476532081
476805123
476825013
476825130
478506312
478516320
480167235
480327561
480567321
480576312
480657312
485673210
486127350
486312057
486327051
486507312
486517320
486521370
487136025
487156032
487156320
487201356
487216035
487216350
487251360
487265031
487302561
487316052
487321056
487321560
487356021
487362051
487503612
487513620
487516023
487516230
487521630
487526031
487526310
487531026
487532061
487532610
487536012
487536120
487561320
487605123
487652310
510247368
510268347
510286437
510287346
510367248
510367482
510428367
510438627
510467328
510478326
510627348
510638472
510648327
510678234
510687324
510847326
514683720
516408327
516428037
517248036
517248360
517264380
517286340
517328046
517368024
517368240
517386042
517406328
517408236
517408362
517408623
517468320
517486230
517604382
517608324
517628340
517648023
517684320
518347026
518407326
518427360
518607234
518647032
518647320
520347681
520368471
520381647
520387461
520436781
520437618
520438671
520461378
520467381
520478361
520481367
520618347
520637481
520641738
520648371
520671348
520674381
520687341
520746381
520768341
520847361
520876341
521348067
521367048
521378046
521468037
521468370
521487360
521607348
521608437
521638047
521647038
521678340
524687031
526348071
526387041
526408371
526478310
526807341
527168034
527306841
527308461
527346081
527368410
527384061
527401368
527408316
527408631
527418036
527418360
527438061
527438610
527461038
527463810
527486031
527486310
527601384
527604318
527614380
527648031
527648310
527681340
527806431
527836041
527841360
527864031
527864310
528347061
528361047
528361470
528407361
528431670
528601347
528641370
528706341
530427681
530428617
530461728
530462781
530467821
530471682
530478621
530481627
530482671
530487261
530628471
530648721
530672481
530682417
530687421
530746821
530761482
531206478
531268047
531268470
531428067
531428670
531468072
531468720
531472680
531487620
531608247
531648027
531678420
532478061
532478610
532481670
532607481
532648071
532681740
532687410
532706841
532768041
534602781
534678021
536408721
536472081
536742018
537406821
537408126
537408261
537408612
537421680
537426081
537461082
537461820
537468021
537482061
537482610
537486120
537608421
537641280
537642081
537648012
537806241
537846021
537862041
538407621
538412670
538417260
538427061
538427610
538461027
538462071
538602471
538621470
538647021
538672410
540167238
540168327
540218367
540268371
540276381
540287136
540287361
540613782
540618237
540618723
540627381
540628731
540631728
540637821
540638127
540638271
540638712
540671238
540671382
540673128
540673281
540673812
540681327
540682371
540683721
540687231
540738621
540761328
540762381
540763821
540768123
540768231
540827631
540867132
540867321
540876123
541207368
541208637
541238067
541267038
541278036
541278360
541308267
541368027
541378620
541628370
541638072
541638720
541678023
541678230
541687320
542307681
542318067
542368071
542371680
542387061
542387610
542603781
542631078
542631780
542678031
542678310
542681370
543128670
543278061
543601782
543602718
543602871
543612078
543618027
543618270
543628071
543628710
543671028
543671280
543672810
543678012
543678120
543681720
543687021
543702681
543726810
543768021
543867012
546173028
546207381
546218037
546271038
546271380
546287031
546702831
546703281
546708321
546721083
546721830
546728031
546731280
546732081
546738120
546783021
546783210
546807123
546872031
547102368
547108326
547128036
547128360
547168023
547168230
547186032
547186320
547206318
547216038
547216380
547218063
547231680
547236081
547268310
547281360
547283061
547306281
547308621
547318026
547328061
547361028
547361280
547362081
547362810
547368012
547386021
547601328
547608312
547618320
547621380
547623081
547623810
547628013
547628130
547631820
547632018
547638210
547681230
547682031
547682310
547683120
547801362
547802316
547806132
547806213
547812360
547816023
547826031
547826310
547832061
547836012
547836120
547861320
547863021
547863210
548107236
548137026
548201367
548217036
548217360
548261370
548276031
548302671
548317620
548321067
548321670
548327016
548367021
548372061
548613720
548617023
548617230
548627031
548627310
548631270
548632071
548632710
548637012
548637120
548671320
548673021
548673210
548706123
548762310
560187423
560217348
560241378
560247381
560278341
560281347
560284371
560327481
560342781
560371482
560372418
560378421
560382471
560418327
560423781
560428371
560432871
560438721
560471328
560473821
560478123
560478231
560487321
560724381
560732481
560734821
560742318
560743128
560743281
560748213
560748321
560782341
560784123
560784231
560817324
560827341
560847123
560847312
560874321
561248037
561248370
561274380
561287340
561308427
561328047
561387420
561407328
561408237
561408372
561408723
561438027
561478320
561708324
561728340
562308471
562341078
562341780
562378410
562401378
562407381
562408317
562408731
562418370
562438071
562471380
562473081
562487310
562708341
562748031
562748310
562841370
563401728
563407821
563408127
563408271
563408712
563418720
563421780
563478021
563482071
563482710
563708421
563742081
563748012
563748120
563872041
564108327
564178023
564208371
564278310
564281370
564283071
564283710
564308721
564328071
564372081
564701328
564708231
564713280
564721380
564723081
564723810
564728013
564728130
564731820
564732018
564732180
564738021
564781023
564781230
564782031
564782310
564783120
564807321
564871032
564871320
564873021
564873210
567104328
567108234
567108342
567108423
567138024
567148032
567148320
567184023
567184230
567208314
567208431
567218034
567238041
567241038
567281430
567284310
567304821
567308124
567308241
567308412
567314028
567318042
567321048
567321480
567324081
567328014
567342018
567348021
567382410
567401238
567401382
567401823
567402318
567402831
567403128
567403281
567403812
567408132
567408213
567412380
567413820
567418023
567418230
567421830
567428031
567428310
567431280
567432810
567438012
567438120
567481320
567483021
567483210
567801324
567803421
567804231
567804312
567814320
567821340
567824013
567824130
567831420
567834021
567842031
567843012
567843120
568107324
568127340
568207341
568247310
568312047
568327410
568342071
568371420
568401327
568402371
568403721
568407123
568407231
568407312
568417320
568421370
568437021
568472310
568704321
568714230
568724031
570126348
570148326
570168234
570186324
570216384
570218346
570236481
570246318
570248361
570261348
570264381
570264813
570281436
570286341
570342861
570346281
570362481
570368124
570368412
570416283
570416328
570418362
570432681
570461382
570463281
570463812
570468321
570481326
570482361
570483621
570486123
570486312
570614823
570618324
570624831
570628341
570634281
570641328
570642381
570643821
570648123
570648231
570648312
570681234
570684213
570684321
570824361
570826431
570836124
570846132
570846213
570862341
570863421
570864123
570864231
571348026
571348260
571408326
572364081
572408361
572641380
572806341
573408621
573462081
573462810
574206813
574602831
574603281
574608321
574618230
574621830
574632810
574638120
574683210
574826013
574862031
576142038
576208341
576231480
576248310
576301482
576302418
576308421
576312480
576328410
576341028
576341280
576342081
576381420
576401328
576403821
576408123
576421380
576423081
576428130
576431082
576431820
576432018
576438021
576438210
576481230
576482031
576482310
576804321
576824031
576841320
576843021
576843210
578146032
578146320
578204361
578264031
578362041
578362410
578364120
578406321
578602341
578604123
578642310
580167324
580247316
580267341
580274361
580347261
580417326
580423671
580467123
580467312
580476321
580614327
580617234
580617342
580617423
580624371
580627431
580634721
580637124
580637241
580637412
580647132
580672341
580674123
580746123
581627034
582301647
582341067
583421670
584203671
584207361
584607123
584672310
586127043
586204371
586217340
586327014
586372041
586372410
586407321
586427310
586703142
586743120
587126034
587126340
587142360
587146023
587164032
587164320
587203461
587204631
587214360
587216430
587234061
587246031
587246310
587261034
587261340
587304261
587306421
587312046
587316024
587326041
587342061
587346012
587361042
587361420
587364021
587401326
587403621
587406231
587416032
587421360
587423061
587423610
587426013
587426130
587431620
587432160
587436021
587461230
587462031
587463012
587463120
587601342
587602431
587604132
587604213
587612340
587614023
587614230
587624031
587624310
587632041
587632410
587634120
587641320
587643021
587643210
610257348
610278345
610438257
617258340
617285430
617408325
618247035
620347518
620381457
620471358
620548317
621308457
621358047
621387450
621438057
621508347
627408351
627458031
627481350
627504381
627541380
630428571
630472581
630745812
631458027
631458270
632487510
637408521
637428510
638421570
638472051
640528371
640532718
640578231
640753812
640857123
641208357
642538071
642538710
643502781
643572018
643752081
643752810
645728013
647105283
647185023
647251038
647251380
647508321
647521830
647523180
647528031
647532081
647802351
648231570
648327051
648507231
648521370
648523071
648537021
650174283
650174328
650187324
650218347
650271348
650274381
650278314
650287341
650324781
650372481
650427381
650432781
650478321
650482371
650483721
650487312
650728134
650728341
650734812
650748123
650784321
651278340
651408327
652408371
652431780
652701348
652741038
653408721
653412780
653428710
653471028
653472081
653721480
654173280
654183072
654187023
654201378
654218370
654271380
654287310
654321078
654321780
654703812
654708321
654713082
654728031
654728310
654732081
654732810
654807123
654873012
654873120
657108324
657128340
657184032
657184320
657201438
657218430
657231048
657248031
657248310
657281340
657283410
657301248
657308421
657312048
657318024
657318240
657328041
657341028
657348012
657381042
657381420
657384021
657401328
657402381
657408123
657418032
657418320
657421038
657428013
657482031
657804321
657824310
658217340
658307412
658317042
658372041
658372410
658407321
658427031
658704123
658721340
658724013
658724130
670145283
670185342
670185423
670215348
670215483
670245381
670258341
670285314
670285431
670382451
670385124
670458312
670485213
670485321
670524138
670534821
670815324
670825341
670845123
670845312
675148320
675184023
675204381
675284031
675284310
675324081
675328140
675382041
675408321
675483210
675802341
675804123
675824130
675842310
680157342
680175324
680217345
680247351
680357412
680457321
680527341
680547312
680715234
685423710
685472310
685703241
685714230
685743210
687105342
687145032
687145320
687153420
687205314
687215340
687254310
687315042
687325014
687325140
687352041
687352410
687405321
687415023
687425310
687432510
687502341
687504123
687542310
720456381
740563281
740568213
746105382
746128035
746185032
746258031
746835012
748156032
750164238
750168324
750264831
750268134
750268341
750361824
750462381
750463182
750463821
750468312
750834126
750863412
750864213
750864321
752681340
754168023
754168230
754206831
754628130
754683120
754826031
754836120
756148032
756204381
756241380
756284031
756408321
756421083
756483021
756802341
756804123
756821340
756824013
756842031
756842310
756843120
758364210
760135428
760145382
760148325
760158342
760185324
760218345
760251348
760254381
760258314
760285134
760285341
760345812
760352481
760425381
760425813
760432581
760435821
760458321
760482351
760485123
760524318
760543821
760815234
760835124
760845132
760845321
760852134
760852341
761258340
761408325
762408351
762854130
763408521
763452081
764251380
764508321
764521830
764528310
764583210
764805123
764852031
764852310
764853120
765102348
765104238
765104823
765128034
765128340
765134028
765138420
765142380
765148023
765148230
765184032
765184320
765201384
765203481
765204318
765214038
765214380
765234081
765248031
765248310
765283041
765302841
765304281
765304812
765308421
765314082
765318024
765321084
765321840
765328041
765384021
765401328
765408231
765408312
765413028
765418320
765421380
765423081
765423810
765431820
765438021
765482031
765482310
765483012
765483120
765801234
765801342
765802431
765803124
765803412
765804132
765804213
765812340
765813420
765824031
765824310
765831240
765832041
765832410
765841320
765843021
765843210
768145032
768145320
768215340
768325014
768345021
768352041
768405321
780156324
780365241
786425130
817206345
817456320
820431567
827546310
837146025
840567123
847102356
847256031
847502361
847506123
850167342
850167423
850267314
850367124
850367241
850467321
857106342
857146032
857206314
857216034
857264310
857326014
857406321
857416023
857436012
857602134
857624130
860157324
860217435
860257341
860427351
860457123
860457312
860475321
864527013
864527130
865147032
865174023
865274031
865274310
865327014
865372041
865407321
865427031
865704123
867125034
867125340
867135042
867142035
867142350
867145023
867154032
867154320
867215043
867215430
867245031
867245310
867251340
867305421
867315024
867325041
867342051
867345012
867345120
867354021
867354210
867401325
867402351
867403521
867405312
867415320
867421350
867425013
867425130
867452031
867453120
867504321
870136245
870156234
870162345
870165324
870216345
870256314
870265341
870316425
870362541
870425361
870426315
870456321
870465123
870526341
875146023
875426013
875463012
875463120
875602314
875614023
875624310
876105234
876135240
876143250
876153042
876154023
876154230
876215034
876215340
876302451
876321045
876321450
876352041
876405321
876425031
876425310
876432051
876504123
876542031
876543120
