012643875
012743685
012783654
012853746
013425876
013728654
013864275
013874625
014835726
023156874
023178654
024138765
028143765
034125876
034162875
034185726
034218765
042163875
062183754
063214875
081243765
082413765
083264175
083714625
120453876
120673854
123456870
123475086
123475860
123506874
123605847
123607854
123645087
123678054
123705486
123705648
123706584
123745068
123758064
123758640
123785460
123786540
130425876
130728654
130854726
130864752
134205876
134602875
134625870
134702685
134725680
134782650
134785026
134806752
134856720
135802746
135826740
136802754
136824750
140835726
140862753
142603875
142703685
142783650
142805736
142806753
142835076
152803746
160832754
162783054
162834750
162853074
162853740
182703654
230145876
230174685
230185746
230186754
234105786
234106875
234165870
234168075
234168750
234185076
234718065
240138765
243105876
248103765
260143875
263145870
263174085
263174850
263814075
273104685
280163754
283105746
283106754
283145076
283604175
283704615
283714650
340182765
384102765
420183765
482103765
613204875
613824075
713204685
713624085
810263754
810432765
810723654
810743625
812435760
812463075
812463750
812603754
812703645
812743650
812763054
813205746
813206754
813245076
813604275
813674025
813702654
813725046
813726054
813745620
814302765
814732065
820413765
830714625
834201765
834215760
841203765
