107268345
107486325
108276345
167028345
167248305
167280345
186270345
187036245
187046325
187236405
187250346
187256304
187426305
187460325
201358467
201438567
201468357
207418356
207458361
207461358
207465381
207486351
207581346
208317456
217048356
217458306
217480356
218357406
251068347
251368407
261048357
261458307
261480357
267058341
267380451
267450381
267451308
267485301
287016345
287046351
287456301
287460351
287541306
302418567
302468571
302471568
307418526
307428561
307462581
307486521
308427516
317048526
317428506
317480526
318047562
321058467
321458607
321470568
321478506
326041578
326470581
327048561
327056481
327468501
327480561
327560481
328410567
328417506
362048571
362478501
362480571
367042581
367058421
367420581
367482501
372460581
372461508
387046521
387410562
387420516
387426501
387460521
401528637
402531678
403652781
407256381
407518326
407528361
407561328
407568312
407586321
407856123
417026358
417260358
417528306
421038567
421538607
431580267
432571608
437580621
467028351
467038521
467051328
467510328
467520381
467521308
467580312
467582301
476825103
487032561
487056321
487320561
487526301
487560321
501268347
501428367
501438627
501648327
502347681
502368471
502438671
502478361
502648371
502768341
503462781
503648721
504632781
504678321
504687123
504762381
504763821
504768123
506472381
506478231
506743281
506748321
507148326
507168234
507186324
507218346
507248361
507261348
507264381
507286341
507362481
507386421
507426381
507432681
507436821
507463812
507468321
507482361
507483621
507486123
507486231
507486312
507618324
507628341
507641328
507642381
507643821
507648123
507648231
507648312
507684213
507684321
507824361
507846132
507846321
507862341
507864123
508367421
508427361
508437621
508467231
508647321
508672341
508674123
517028346
517068324
517248306
517280346
517460328
517680324
518047326
521048367
521067348
521468307
521480367
521670348
527046381
527068341
527084361
527368401
527418306
527438601
527460381
527461308
527486301
527648301
527680341
527840361
527864301
531048627
531428607
531480627
532048671
532478601
532480671
537042681
537046821
537068421
537420681
537460821
537482601
538062471
538427601
538620471
541028637
541038267
541068327
541628307
541680327
542068371
542387601
542630781
542678301
542680371
543068721
543072681
543610782
543612708
543628701
543672801
543680721
546270381
546783201
547018326
547028361
547036281
547038621
547061328
547062381
547063821
547068123
547068231
547068312
547086321
547128306
547216308
547268301
547280361
547620381
547623801
547628103
547630821
547638201
547680123
547680231
547682301
547826301
547836102
547860321
548021367
548067321
548210367
548627301
548670321
561028347
561248307
561280347
561470328
562041378
562078341
562378401
562470381
562748301
563042781
563420781
563482701
564028371
564072381
564073821
564078123
564078231
564278301
564280371
564720381
564723801
564728103
564730821
564780123
564780231
564782301
564870321
567021348
567024381
567032481
567034821
567048321
567082341
567084123
567084231
567148302
567210348
567218304
567240381
567241308
567284301
567320481
567382401
567418203
567428301
567432801
567438102
567480321
567483201
567810324
567820341
567824103
567840123
567840312
567842301
568027341
568037421
568047231
568247301
568327401
568370421
568410327
568420371
574062831
574620831
576028341
576042381
576043821
576048231
576248301
576328401
576380421
576420381
576430821
576438201
576480231
576482301
576840321
587016324
587026341
587042361
587046123
587046312
587064321
587126304
587160324
587246301
587260341
587360421
587410326
587416302
587420361
587423601
587426103
587430621
587460123
587460231
587460312
587462301
587610342
587614203
587624301
587632401
587640321
605274381
605478321
605874123
607185342
607258341
607458312
607485321
621058347
621380457
643052781
654073812
654087123
654728301
654730812
654870123
657018324
657028341
657041328
657048312
657084321
657180324
657248301
657280341
657418302
657420381
657421308
657480312
657482301
658724103
675284301
687052341
687145302
705164238
705168324
705268341
705462381
705463821
705863412
705864321
706458321
706852341
706854123
756842301
764850123
765014823
765018324
765028341
765034812
765042381
765043821
765081234
765084321
765128304
765180324
765214308
765248301
765280341
765281304
765340812
765342801
765420381
765423801
765430821
765482301
765810234
765814203
765824301
765830124
765832401
765834102
765840321
807165324
807216345
807265341
807456321
807465123
807546123
857026314
857260314
865074123
867015324
867025341
867042351
867045123
867045312
867054321
867125304
867150324
867245301
867250341
867420351
867425103
867450123
867450312
867452301
876015234
876054123
876150234
876425301
876540123
