012364875
012384765
012438765
012453687
012453768
012463857
012546873
012573846
012583764
012645837
012647853
012673485
012673548
012683574
012683745
012745386
012745638
012746583
012753864
012763845
012768543
012784635
012785643
012834675
012835764
012843576
012854763
012856473
012856734
012873456
012875634
012876543
013274865
013475286
013485726
013524867
013526487
013527684
013527846
013625478
013627548
013645287
013654827
013674852
013682754
013724568
013726458
013745268
013754286
013754628
013758264
013762854
013768524
013825467
013827564
013845627
013846725
013856742
013862574
013865247
013865724
013867254
013872465
013872546
014235687
014235768
014236857
014237865
014325786
014326875
014352876
014368275
014536872
014637852
014672853
014728635
014736582
014738265
014825376
014836275
014837625
014873652
014875236
015236874
015243876
015436827
015632847
015732486
015732648
015824736
015834762
015842763
015846732
016234875
016423875
016532874
016732584
016782543
016824753
016835742
016842735
016843275
016843752
017632854
017843625
018273654
018623754
018723645
018734625
018752643
021683754
021783645
021834765
021853764
023148756
023154867
023156748
023157846
023164587
023165478
023167485
023167548
023168745
023174568
023174856
023176458
023185467
023187564
023415786
023416875
023465187
023468175
023586174
023618754
023674815
023685147
023687154
023714658
023745186
023785416
023785641
023786514
023815476
023845716
023854176
023861475
023861754
023871645
023874165
024135678
024137856
024168375
024168753
024173865
024178635
024375186
024381765
024635187
024731658
024735816
024736185
024836715
025136784
025136847
025143786
025163874
025184736
026134785
026135874
026153847
026184753
026743185
026813754
026843715
027183654
028137654
028145736
028146753
028163475
028173645
028314765
028431765
028453176
028673154
031284765
031862475
031862754
031872645
032145786
032146875
032154876
032415876
032871654
034126857
034127865
034156287
034158762
034167852
034176582
034178265
034186275
034187625
034215678
034217856
034256178
034271658
034275168
034275816
034286715
034287165
034621875
034682175
034721685
034782615
034815762
034826175
034826751
034875612
035126487
035146827
035148726
035162847
035172486
035172648
035184762
035216784
035216847
035246187
035248176
035274186
035286174
035821746
036172584
036185742
036214785
036215874
036258174
036284175
036821754
037162854
038152764
038154726
038164752
038174625
038217654
038241765
038412765
041253876
041382765
041623875
041723685
041825736
041826753
041835276
041872653
042135687
042135768
042158763
042165837
042167853
042175386
042175638
042176583
042315786
042316875
042368175
042385176
042513876
042683175
042783615
042831765
043125786
043126875
043185276
043215687
043215768
043216857
043217865
043256187
043285716
043815726
043825176
045123876
045136872
045186732
045213786
045312876
045318726
046132875
046183752
046273185
047213685
048162753
048215736
048216753
048235176
048273615
048321765
051823746
052136874
052163847
052173486
052173648
052184763
052186734
052613874
053124876
053214786
053218764
053276184
054182736
054213876
056182743
058213746
061273854
061432875
061842753
061843725
061853274
062145873
062178543
062183475
062473185
062713854
062813745
063128754
063154872
063174825
063214758
063257184
063281754
063714285
063812754
063874215
064152873
064231875
064328175
064372185
068132754
068253174
071283654
071432685
071483625
071623854
071643825
071832654
072143865
072153684
072183645
072613584
072613845
073124865
073182654
073215486
073215648
073216584
073245168
073258164
073264815
073612854
073618524
073624185
073684215
073814265
073824615
074231685
074312685
076213854
078143625
081245736
081246753
081263475
081273645
081354726
081364752
081452736
081453276
081532746
081632475
081652743
081673254
081723465
081723546
081724635
081732564
081734652
081753426
081753642
081762543
081763524
082134765
082163574
082173465
082173546
082174635
082175643
082315476
082341765
082435176
082473615
082513674
082614735
082615743
082653174
082713456
082715634
082716543
082731654
083174652
083245617
083245761
083251764
083254716
083264751
083265147
083267154
083275416
083275641
083276514
083415762
083425716
083512764
083514726
083516274
083612574
083614752
083615247
083617254
083621754
083712465
083712546
083721645
083724165
083764215
084135276
084172653
084236175
084236751
084261753
084316752
084325176
084372615
084612375
084612753
084631275
084713652
084715236
084735612
085231746
085312746
086231754
086243175
086312754
120354786
120364758
120364875
120436875
120463785
120468753
120483675
120543867
120546873
120563487
120563748
120573684
120638754
120645837
120647853
120653478
120673485
120734658
120738645
120743568
120745386
120745638
120746583
120763458
120768543
120784635
120785643
120835476
120853467
120853674
120854763
120856734
120863547
120873564
120874653
123406785
123407658
123408675
123408756
123457068
123458076
123476058
123478650
123504786
123506748
123508476
123547086
123547860
123567048
123567480
123574068
123574680
123578460
123584076
123586047
123586470
123587064
123587640
123604587
123604758
123607485
123608745
123647058
123647580
123658470
123684057
123754086
123806475
123806547
123807645
123846570
123847650
123854067
123857046
123857460
123874560
123875640
124305867
124306758
124307685
124356780
124365870
124376085
124376850
124385076
124503876
124608375
124637085
124678035
124703658
124705836
124735860
124736058
124785630
124806735
124835067
124836750
124853076
124865730
125304876
125308746
125346870
125738046
125784036
125806743
125834076
125834760
125846073
125863740
126308754
126435870
126473085
126473850
126703854
126738054
126784053
126803745
126854073
126854730
126873054
127403685
127643085
128405736
128406753
128435076
128503746
128603475
128634750
128653074
128653740
128673045
128703564
128704653
128735640
128753046
128763540
130246875
130254687
130254768
130264857
130265874
130465827
130475862
130524867
130526487
130527684
130527846
130564872
130625478
130627548
130674285
130684725
130724568
130726458
130748625
130758642
130764582
130764825
130784526
130785462
130786542
130825467
130827564
130852764
130856274
130875426
130875642
130876524
132408765
132748065
132805476
132807654
132874650
134257680
134258760
134265078
134265780
134267085
134267850
134278065
134285067
134285670
134286075
134506287
134508762
134562870
134576082
134576820
134605278
134608572
134657082
134675280
134678520
134687025
134706258
134708526
134756028
134762580
134768025
134768250
134805267
134805672
134826057
134827065
134827650
134867052
134875062
134876025
134876250
135206487
135264870
135276084
135276840
135402687
135402768
135407862
135427680
135428760
135467820
135607824
135627084
135642087
135642870
135672048
135706284
135706428
135708462
135708624
135726048
135728064
135742068
135742680
135784062
135786240
135804276
135846027
135846270
135862047
135864072
136245870
136274085
136274850
136402857
136427850
136504827
136524087
136572084
136572840
136704285
136704528
136708542
136724058
136784250
136785042
136845072
137402865
137425860
137604825
137624085
137652084
137652840
137862054
138204765
138502764
138524760
138602574
138624570
138672540
138674025
138702465
138702546
138705642
138725460
138726540
138745620
140235687
140235768
140236857
140237865
140325786
140326875
140372865
140536872
140562873
140637852
140652837
140728635
140736582
140738265
140752386
140752638
140762583
140782365
140782536
140825763
140836275
140837625
140853276
140862375
140865732
140872635
142305687
142305768
142306857
142307865
142356087
142508763
142563870
142576083
142576830
142608573
142657083
142657830
142675038
142678530
142708365
142708536
142756380
142763580
142865037
142867053
143208765
143285076
143728065
143805762
143806725
143856270
143875026
143875260
145206837
145236087
145273086
145273860
145306872
145603827
145637820
145703286
145703628
145736280
145738620
145783260
145786032
145802763
145862730
146783052
146802735
146803275
146832075
146853072
146853720
147803625
148302765
148325760
148703652
148732065
148732650
150236874
150243876
150436827
150472863
150632847
150732486
150732648
150782463
150823764
150824736
150826743
150834762
150846732
150862734
152306874
152403687
152403768
152406837
152407863
152436087
152637840
152643087
152643870
152673048
152708463
152736480
152738640
152743068
152743680
152784063
152786034
152803674
152863047
152864073
152864730
153246870
153274086
153274860
153604827
153704286
153704628
153784260
153802764
153806274
153806742
153846072
154302876
154782036
154826730
154832076
154832760
156782043
156803724
156823740
156834720
156842073
156842730
158702643
160234875
160342875
160423875
160572843
160832475
160835742
160853724
160854732
160873254
162345870
162374085
162374850
162403857
162405873
162483075
162504837
162507843
162534087
162578043
162704385
162704538
162705483
162734058
162748053
162748530
162784350
162785430
162835470
162873045
162873450
163204785
163284750
163504872
163704582
163704825
163784520
163802745
163805247
163805724
163807254
163842075
163845027
164502873
164702583
164782530
164802375
164803725
164805732
164823075
164835720
170432865
170652843
170823654
170832645
172435860
172463085
172463850
172503684
172503846
172603548
172604835
172605843
172634085
172683045
172803564
172804653
172835640
172843065
172843650
172863540
173204865
173604285
173604852
173682054
173684250
173805426
173805642
173806524
173845062
173852064
173852640
174602853
174802635
180532764
180623754
180632574
180672543
180723645
180724653
180732465
180732546
180734625
180742635
180743652
182304765
182473065
182534760
182563074
182563740
182573046
182607543
182634570
182674035
182675043
182735460
182736540
182743056
182743560
182745063
182745630
182763045
182763450
183402765
183425760
183604725
183674052
183704265
183742650
183754062
183754620
184672053
184723650
184752063
184752630
186702543
210354876
210683754
210738654
210783645
210873654
213408765
213485760
213504876
213704658
213854076
214356870
214375086
214375860
214805736
214835760
216803754
218673054
218734650
218753064
218753640
230146785
230146857
230147865
230154678
230156487
230156748
230157684
230165784
230168574
230175864
230178465
230178546
230184657
230418765
230465187
230586174
230654187
230674158
230674815
230685147
230687154
230714865
230745186
230754816
230785416
230785641
230786514
230814756
230841765
230845716
230861754
230874165
231708654
231784650
234108657
234157086
234158670
234506178
234607158
234607815
234615078
234617850
234657180
234671058
234685017
234701865
234705168
234705681
234706518
234716580
234751068
234751680
234756810
234765180
234785061
234786015
234786150
234801756
234805617
234806157
234807165
234815670
234817056
234856017
234865710
235104687
235104768
235107486
235107648
235107864
235147680
235164780
235167840
235176480
235178640
235406187
235408176
235486170
235704186
235708416
235716084
235718460
235804716
235806174
235814760
235816047
236104857
236105748
236107584
236145780
236154087
236174580
236175084
236175840
236508174
236708514
236714085
236718540
236804175
236815074
237106854
237164850
238104675
238105764
238154760
238157064
238157640
238174065
238401765
238617054
240135678
240137856
240153687
240153768
240158736
240163857
240176853
240315876
240381765
240635187
240718653
240731658
240735816
240736185
240753186
240813765
240836715
240853716
243157680
243158760
243165078
243165780
243167085
243167850
243185067
243185670
243506187
243615087
243715068
243756180
243785016
243785160
243801765
243816057
243817065
243856710
245103867
245106738
245136078
245137860
245183076
245183760
245713086
245803176
245836170
246103758
246105837
246107853
246135087
246138750
246703185
246803715
246813750
247135680
247183065
247183650
247613085
248156073
248156730
248305176
248635170
248673015
248673150
248701653
248715036
248716053
248735610
250136784
250136847
250143786
250173846
250183764
253104867
253106487
253107684
253107846
253146780
253164087
253168074
253168740
253184076
253184760
253706184
253714086
253718064
253804176
253806714
253816740
254136870
254173086
254173860
254813076
256103847
258136740
258143076
258143760
258403176
258713046
260134785
260135874
260143758
260158743
260453187
260783154
261403875
261843075
263108574
263148750
263154078
263154780
263457180
263485017
263485170
263507184
263705148
263708154
263714058
263745018
263781054
263805417
263805741
263807514
263815470
263817540
263845071
263851074
263851740
264108753
265103874
268104735
268105743
268134075
268503174
268703514
268713540
270136854
270153486
270153648
270163584
270613854
270643815
270843165
271403685
271643085
271803654
273104856
273108465
273108546
273156480
273164580
273185046
273185460
273186054
273186540
273405168
273415086
273508164
273516084
273601854
273608514
273615048
273618540
273645810
273845160
273864015
273864150
274103865
276134850
276153084
276153840
276813054
278603154
280137654
280145736
280146753
280314765
280461753
280473165
280563174
280631754
280653147
280713465
280713546
280731645
280741653
280753416
280753641
280763514
281405736
281406753
281435076
281503746
281603475
281634750
281653074
281653740
281673045
281703564
281704653
281735640
281753046
281763540
283165047
283167054
283405617
283405761
283406157
283407165
283456017
283501764
283564170
283576014
283576140
283601574
283657014
283657140
283671540
283675041
283701465
283701546
283756410
283764510
284305716
284315760
284361075
284361750
284701635
284731650
284735016
287103654
310254786
310264758
310264875
310842765
312405876
312845076
314205867
314206758
314207685
314256780
314265870
314276085
314276850
314285076
314608275
314708625
314725086
314728650
314805276
314826075
315204876
315208746
316208754
320145786
320146875
320174865
320814765
324105687
324105768
324106857
324107865
324156087
324705186
324781065
324805716
324815760
324861075
324861750
325106874
326104875
328145760
328164075
328164750
328714065
340125687
340125768
340152786
340156872
340162758
340165827
340175286
340175628
340178652
340215867
340216758
340217685
340265187
340276185
340278615
340682175
340782615
340815276
340825716
340861275
340871625
341802765
341825760
342105867
342106758
342107685
342156780
342165087
342175680
342176085
342176850
342608175
342708615
342715086
342718650
342805176
342816075
345106782
345106827
345126087
345128076
345128760
345172086
345172860
345186072
345201786
345208176
345216780
345286170
345718026
345812076
346108752
346182750
346201875
346215870
348205716
348206175
348215076
348261075
348261750
348265170
348721065
350126874
350142876
350148726
350186724
350214876
350218746
352104876
352108746
352186740
354106872
356102874
358104726
360152874
360174852
360184725
360218754
360284175
362108754
362184750
364105827
364107852
364125087
364128075
364205187
364278015
364278150
364285170
364702185
364801275
364802715
364812750
368104752
370124685
374105286
374105628
374108652
374125680
374182065
374182650
374206185
374208615
374612085
374801625
378102654
380125746
380126754
380172654
380241765
380254176
380624175
380714652
380724615
381204765
381724065
384156072
384256170
384275016
384275160
384625170
384672015
384672150
384701652
384705216
384715260
384716052
384725610
385106724
385126740
385142076
385142760
385712046
386104725
386124750
386152074
386152740
386712054
410238765
410273865
410382765
410532876
410853726
410863275
410873625
412308765
412536870
412573086
412573860
412703865
412803756
412853760
412873065
413205687
413205768
413206857
413207865
413256087
413625087
413705286
413725068
413785026
413802765
413826057
413827065
413856720
415302876
415832076
416203875
418235760
418263075
418263750
418723065
420153786
420156873
420163758
420178653
420318765
420513876
420683175
420783615
420831765
421783065
421835760
421863075
421863750
423105867
423106758
423107685
423156780
423165087
423175680
423176085
423176850
423608175
423708615
423715086
423718650
423805176
423816075
425103876
425108736
425136870
425186730
426108753
426183750
430125786
430126875
430152876
430275186
430815726
432156870
432175086
432175860
432815076
435201876
435216870
436102875
438125760
438162075
438162750
438712065
450183726
451203876
452106873
460172853
460213875
461803275
462105837
462107853
462135087
462703185
462803715
462813750
468102753
468203175
470132685
471803625
472108653
472135680
472183065
472183650
472613085
473205186
480152736
480263175
480321765
480632175
480712653
480732615
481325760
481362075
481362750
481602753
481702635
481732650
481762053
482156073
482156730
482305176
482635170
482673015
482673150
482701653
482715036
482716053
482735610
483105276
483201765
483215076
483215760
483721065
485103726
510263874
512603874
512863074
513208764
513264870
513276084
513276840
513728064
513806724
513826740
520143876
523108746
523186740
530184726
530216874
542103876
580132746
582136740
582143076
582143760
582713046
583104726
610253847
610324875
610472853
610732854
610743285
610832745
610842753
612405837
612407853
612435087
612503847
612703485
612734850
612753084
612753840
612783045
612803574
612804753
612835740
612853047
612873540
613208574
613257084
613257840
613405287
613528074
613745280
613782054
613784250
613805427
613805742
613807524
613825470
613827540
613845072
613852074
613852740
614305827
614325870
614372085
614372850
614802735
614832750
614835027
618203754
620134875
620173584
620184735
620185743
620713854
620813745
620843175
621803754
623104785
623105874
623154870
623158074
623158740
623401875
623415870
623718054
623845170
623874015
623874150
624138075
624308175
628143075
628403175
630128754
630184275
630184752
630215847
630217854
630245187
630284715
630714285
630812754
630824175
631402875
632104875
634205817
634207185
634215087
634271085
634271850
634275180
634801725
634815720
634821075
638102754
640182753
640231875
640312875
641235870
641273085
641273850
641803725
641823075
643205187
650132874
652134870
652173084
652173840
652813074
670243185
671203854
672103584
673104825
673124085
673245180
673284015
673284150
673814025
680143275
680152743
680213754
681243075
681302754
681403275
681732054
682103475
682104735
682105743
682134075
682413075
682503174
682703514
682713540
683104752
683145270
683174025
683174250
683204715
683214750
684102753
710253486
710253648
710263584
710324685
710482653
710483625
710623548
710632584
710632845
710642853
710682543
710683524
710843265
710852643
712405638
712408653
712435068
712453086
712503486
712503648
712503864
712563084
712583046
712604853
712608543
712634580
712635840
712648053
712653048
712803465
712803546
712804635
712805643
712834065
712863045
713208465
713208546
713256480
713264580
713285046
713285460
713286054
713286540
713405268
713405826
713425860
713428065
713506824
713508264
713526840
713528046
713568024
713602548
713605428
713605842
713625480
713645082
713652084
713652840
713684052
713684520
713804652
713845260
713862054
713864250
714235086
714305286
714305628
714308652
714325680
714382065
714382650
714602835
714632850
714635028
714638052
714682053
714802653
718302654
718632054
720163854
720183645
720613584
720613845
720843615
721603854
723164085
723401685
723415680
723604185
723681054
723684150
723801654
723814065
723814650
723845610
724308615
724638015
728103654
728403615
728613054
728643015
730182654
730215486
730215648
730216584
730284165
730612854
730618524
730684215
730814265
730824615
731402685
731802654
734108625
734185620
734205618
734215068
734281065
734281650
734601825
734615820
734621085
738201654
738214650
740231685
740312685
741235680
741283065
741283650
741603825
741623085
748103625
762103854
780123654
780132645
780231654
780431625
780613254
780643215
781234650
781253064
781253640
781302645
781402653
781423065
781423650
781435620
781603245
781603524
781623540
781632045
781642053
781643250
782103564
782104653
782135640
782143065
782143650
782513064
782603415
782613450
782614053
783105426
783105642
783106524
783145062
783152064
783152640
783204165
783264015
783415026
783516024
783601254
783602514
783612540
783615042
783645210
784102635
784301625
784612035
784631025
810245736
810246753
810325746
810326754
810352476
810453762
810473265
810523764
810532674
810542763
810543726
810563274
810623574
810624375
810624753
810642735
810643752
810653247
810672453
810673542
810732456
810734265
810752463
810752634
810754236
812304675
812305764
812356470
812375046
812375460
812403576
812473056
812504763
812506473
812506734
812534670
812536074
812573640
812576043
812604573
812605437
812607453
812635047
812645073
812645730
812674530
812675034
812704536
812705346
812705463
812734056
812736450
812745360
812746530
812764035
812765043
813265047
813267054
813405627
813406257
813407265
813452760
813456027
813465072
813465720
813472065
813524076
813524760
813546720
813562074
813562740
813564270
813572046
813576240
813605472
813607542
813624570
813642750
813654072
813654720
813657024
813657240
813675420
813704256
813704562
813706452
813742056
813742560
813754260
813756042
813762045
813762450
814205376
814275036
814356072
814502736
814623750
814625370
814652073
814652730
814672350
814673052
814702563
814703265
814705623
814706532
814725063
814736520
814752036
814753062
814753620
814756230
814762530
815306724
815326740
815342076
815342760
815403726
815702436
815732460
815736024
815743026
816304725
816324750
816352074
816352740
816502743
816702534
816732540
816734025
816752043
820153764
820315476
820341765
820453716
820463175
820463751
820513674
820614735
820615743
820713456
820715634
820716543
820751643
821345760
821364075
821364750
821503764
821603574
821673540
821703465
821703546
821704635
821705643
821734065
823105476
823107654
823174650
823406751
823456710
823501746
823516740
823601475
823604715
823614075
823615470
823651074
823651740
823671045
823701564
823705614
823714560
823715064
823741650
823745016
823761054
823764015
824135076
824305176
824701653
824713650
825401736
825416730
826401753
826413750
830154276
830256174
830271654
830415762
830425716
830461752
830512764
830514726
830516274
830612574
830614752
830615247
830617254
830621754
830712465
830712546
830721645
830724651
830754612
831405726
831406752
831425076
831502746
831602475
831624750
831652074
831652740
831672045
831702564
831704652
831725640
831742650
831762054
832671054
832704615
832714065
832751064
832751640
834105762
834126075
834156270
834175026
834175260
834205167
834207615
834256071
834265017
834275610
834276015
834276150
834605217
834615027
834671250
834675012
834702651
834705126
834725160
834726051
834752610
835204176
835206714
835216074
835241076
835241760
835246170
835401276
835416270
835701426
835701642
835712640
835716420
835721046
836204715
836214075
836251074
836251740
836701524
836714520
836721054
840135276
840236175
840236751
840251736
840253176
840316752
840362175
840612375
840612753
840631275
840713652
840715236
840721653
840735612
841256073
841256730
841305276
841635270
841672053
841673250
841705632
841725036
841726053
841735062
841752063
841752630
842305716
842315076
842361075
842361750
842701635
842715630
842731065
843125076
843256170
843275016
843275160
845203716
845236710
845301726
845316720
846203175
850231746
850312746
851236740
851243076
851243760
851304726
851402736
851403276
851602743
851703426
851703642
851723046
852103764
853204716
853206174
860251743
860273154
860312754
860421753
861204735
861205743
861234075
861304752
861423750
861452073
861452730
861503274
861702543
861703524
861723540
861742053
862403175
863104725
863124750
863204751
863205147
863207154
863245017
863704215
863714025
864201753
864302175
870132654
870243615
871603254
872134650
872153064
872153640
872613054
873201654
873214065
873214650
873245610
873624015
