0 231.61 24.16 20.71 123.93 48.72 20.94 70.80 67.09 33.53 47.19 73.76 45.02 68.12 36.23 58.10 63.23 44.60 44.09 31.82
0 147.41 22.19 17.58 113.53 36.52 12.89 22.79 25.37 25.63 28.97 56.18 27.72 15.59 23.36 40.32 45.29 27.46 18.27 8.25
0 189.51 23.17 19.14 118.73 42.62 16.91 46.79 46.23 29.58 38.08 64.97 36.37 41.86 29.79 49.21 54.26 36.03 31.18 20.03
0 21.05 0.49 0.78 2.60 3.05 2.01 12.00 10.43 1.98 4.56 4.40 4.33 13.13 3.22 4.44 4.49 4.28 6.46 5.89
1 319.35 27.10 19.54 166.79 66.63 15.74 119.21 116.58 70.65 68.46 62.79 73.95 83.94 91.80 61.82 61.86 76.98 91.88 125.69
1 277.32 25.38 17.13 156.90 57.46 12.91 72.30 63.23 55.16 51.98 50.01 62.09 53.40 61.20 41.64 46.11 57.90 51.22 83.42
1 298.34 26.24 18.34 161.85 62.05 14.32 95.75 89.90 62.90 60.22 56.40 68.02 68.67 76.50 51.73 53.98 67.44 71.55 104.55
1 10.51 0.43 0.60 2.47 2.29 0.71 11.73 13.34 3.87 4.12 3.20 2.97 7.64 7.65 5.04 3.94 4.77 10.17 10.57
2 220.64 26.55 18.58 134.86 47.71 16.96 58.28 185.36 62.64 36.69 36.44 65.38 0.00 68.15 54.87 39.81 43.99 132.77 88.04
2 183.36 24.33 17.09 121.30 41.32 14.01 16.32 126.26 50.25 26.39 23.68 52.17 0.00 47.63 40.20 30.74 32.43 93.73 63.59
2 202.00 25.44 17.84 128.08 44.51 15.49 37.30 155.81 56.45 31.54 30.06 58.77 0.00 57.89 47.54 35.28 38.21 113.25 75.81
2 9.32 0.55 0.37 3.39 1.60 0.74 10.49 14.77 3.10 2.57 3.19 3.30 0.00 5.13 3.67 2.27 2.89 9.76 6.11
3 308.64 27.33 19.91 153.87 60.55 18.23 126.42 128.84 68.20 52.97 55.14 72.36 0.00 94.50 53.71 52.99 69.28 63.38 158.83
3 249.44 25.35 17.96 141.13 51.37 14.04 65.95 76.71 54.92 42.33 42.76 59.06 0.00 66.91 30.61 39.11 48.93 28.43 112.93
3 279.04 26.34 18.93 147.50 55.96 16.14 96.19 102.77 61.56 47.65 48.95 65.71 0.00 80.70 42.16 46.05 59.11 45.91 135.88
3 14.80 0.49 0.49 3.19 2.30 1.05 15.12 13.03 3.32 2.66 3.09 3.32 0.00 6.90 5.78 3.47 5.09 8.74 11.48
4 271.63 27.50 18.40 135.79 57.97 21.04 25.90 211.90 76.60 46.98 46.07 75.46 83.93 100.98 72.67 53.21 32.34 74.62 156.70
4 194.72 25.50 15.04 120.25 47.19 14.76 -13.16 177.93 57.80 34.42 30.62 54.64 52.82 68.42 42.80 39.60 21.21 31.55 112.26
4 233.17 26.50 16.72 128.02 52.58 17.90 6.37 194.91 67.20 40.70 38.35 65.05 68.38 84.70 57.74 46.41 26.77 53.09 134.48
4 19.23 0.50 0.84 3.89 2.69 1.57 9.77 8.49 4.70 3.14 3.86 5.20 7.78 8.14 7.47 3.40 2.78 10.77 11.11
5 194.57 26.07 18.55 106.94 44.73 24.74 34.74 198.10 72.31 40.23 48.95 28.98 78.96 93.27 57.52 32.70 18.35 76.57 180.22
5 150.88 24.03 15.66 94.79 35.93 18.01 -9.34 165.60 58.00 27.43 32.61 19.24 53.81 65.11 33.88 18.75 11.82 41.58 144.90
5 172.72 25.05 17.11 100.87 40.33 21.37 12.70 181.85 65.15 33.83 40.78 24.11 66.39 79.19 45.70 25.72 15.09 59.07 162.56
5 10.92 0.51 0.72 3.04 2.20 1.68 11.02 8.13 3.58 3.20 4.09 2.43 6.29 7.04 5.91 3.49 1.63 8.75 8.83
6 271.43 27.06 20.43 153.49 53.40 15.78 65.38 118.05 63.03 36.56 58.49 64.96 3.82 67.79 54.97 53.20 56.88 132.41 102.66
6 225.83 24.54 18.44 143.44 45.82 12.60 17.64 75.41 50.32 26.25 46.89 51.33 -2.71 47.59 39.00 39.15 40.26 92.91 59.47
6 248.63 25.80 19.43 148.46 49.61 14.19 41.51 96.73 56.67 31.40 52.69 58.15 0.55 57.69 46.98 46.17 48.57 112.66 81.07
6 11.40 0.63 0.50 2.51 1.90 0.80 11.94 10.66 3.18 2.58 2.90 3.41 1.63 5.05 3.99 3.51 4.16 9.88 10.80
7 255.08 26.22 19.62 142.32 54.19 18.98 131.58 129.87 45.52 69.91 72.63 45.72 85.71 101.13 40.48 20.83 88.34 120.97 129.39
7 214.73 23.99 17.86 126.18 45.72 13.88 76.92 60.99 30.38 52.92 49.54 35.11 47.38 62.02 15.95 12.60 67.19 79.27 59.13
7 234.90 25.11 18.74 134.25 49.95 16.43 104.25 95.43 37.95 61.42 61.08 40.42 66.55 81.57 28.22 16.72 77.76 100.12 94.26
7 10.09 0.56 0.44 4.04 2.12 1.27 13.67 17.22 3.78 4.25 5.77 2.65 9.58 9.78 6.13 2.06 5.29 10.42 17.57
8 110.29 24.59 5.69 65.85 103.64 41.47 224.88 214.86 101.90 105.63 110.04 105.76 100.00 134.17 102.49 100.00 109.84 162.46 207.20
8 77.46 22.64 3.92 53.46 63.08 25.26 -20.01 13.99 63.90 65.31 55.03 59.29 100.00 -5.15 95.75 100.00 42.64 19.34 22.20
8 93.88 23.62 4.81 59.65 83.36 33.37 102.44 114.42 82.90 85.47 82.53 82.52 100.00 64.51 99.12 100.00 76.24 90.90 114.70
8 8.21 0.49 0.44 3.10 10.14 4.05 61.22 50.22 9.50 10.08 13.75 11.62 0.00 34.83 1.69 0.00 16.80 35.78 46.25
9 170.82 26.31 16.14 99.71 44.58 24.53 155.29 43.36 30.71 33.55 51.62 72.88 0.00 28.80 26.92 54.12 95.35 155.34 75.44
9 125.66 23.38 13.00 85.94 37.33 18.74 99.04 -13.29 23.59 21.56 33.12 56.31 0.00 19.55 19.41 11.99 59.12 99.73 18.67
9 148.24 24.85 14.57 92.83 40.96 21.63 127.16 15.04 27.15 27.55 42.37 64.60 0.00 24.18 23.16 33.06 77.24 127.53 47.06
9 11.29 0.73 0.79 3.44 1.81 1.45 14.06 14.16 1.78 3.00 4.63 4.14 0.00 2.31 1.88 10.53 9.06 13.90 14.19
10 257.60 26.54 19.47 145.80 56.41 17.07 36.56 178.02 57.58 63.96 66.32 48.21 101.31 92.66 50.62 55.52 49.27 90.79 130.04
10 218.47 24.54 16.98 133.43 46.02 13.65 -3.06 145.69 37.70 47.68 52.45 37.62 89.07 66.38 29.77 44.49 31.18 52.66 91.96
10 238.04 25.54 18.22 139.62 51.21 15.36 16.75 161.86 47.64 55.82 59.39 42.91 95.19 79.52 40.20 50.01 40.22 71.72 111.00
10 9.78 0.50 0.62 3.09 2.60 0.85 9.90 8.08 4.97 4.07 3.47 2.65 3.06 6.57 5.21 2.76 4.52 9.53 9.52
11 165.62 25.96 16.72 88.50 40.95 29.11 32.10 215.43 30.45 32.34 32.63 70.26 0.00 104.32 45.59 18.66 17.77 47.67 171.50
11 100.65 22.83 14.03 76.35 29.80 20.03 -15.80 166.48 21.74 20.45 19.45 51.99 0.00 65.30 21.59 12.38 9.81 7.12 124.79
11 133.13 24.39 15.38 82.42 35.37 24.57 8.15 190.96 26.09 26.40 26.04 61.12 0.00 84.81 33.59 15.52 13.79 27.39 148.15
11 16.24 0.78 0.67 3.04 2.79 2.27 11.97 12.24 2.18 2.97 3.30 4.57 0.00 9.75 6.00 1.57 1.99 10.14 11.68
12 372.29 25.09 21.66 166.56 71.52 20.16 140.38 136.74 55.84 78.08 93.23 65.25 50.29 96.57 58.90 48.56 91.34 140.21 126.85
12 254.80 22.89 19.53 148.09 55.17 11.84 82.47 76.80 41.22 59.28 65.97 47.56 19.60 63.99 36.28 37.44 69.98 95.91 98.10
12 313.55 23.99 20.60 157.33 63.34 16.00 111.43 106.77 48.53 68.68 79.60 56.40 34.94 80.28 47.59 43.00 80.66 118.06 112.48
12 29.37 0.55 0.53 4.62 4.09 2.08 14.48 14.98 3.66 4.70 6.82 4.42 7.67 8.14 5.65 2.78 5.34 11.08 7.19
13 274.78 24.82 19.01 157.79 64.87 16.47 140.76 129.03 53.07 74.96 72.02 55.77 91.35 94.93 44.60 35.55 87.39 126.96 128.39
13 182.57 22.64 16.41 124.60 43.97 12.37 77.58 72.03 38.72 53.25 54.92 37.75 68.99 60.24 20.23 25.84 68.68 93.84 65.11
13 228.67 23.73 17.71 141.19 54.42 14.42 109.17 100.53 45.90 64.10 63.47 46.76 80.17 77.59 32.41 30.70 78.03 110.40 96.75
13 23.05 0.54 0.65 8.30 5.23 1.03 15.79 14.25 3.59 5.43 4.28 4.51 5.59 8.67 6.09 2.43 4.68 8.28 15.82
14 251.85 26.35 20.80 152.58 50.88 14.52 116.31 115.00 57.13 47.33 46.59 58.39 0.00 66.84 43.98 39.30 65.66 116.77 118.13
14 214.32 24.40 18.18 144.57 43.45 12.03 80.29 81.32 49.56 35.87 37.33 44.32 0.00 49.20 32.25 31.35 50.50 82.06 75.49
14 233.09 25.38 19.49 148.58 47.16 13.27 98.30 98.16 53.35 41.60 41.96 51.36 0.00 58.02 38.11 35.33 58.08 99.42 96.81
14 9.38 0.49 0.65 2.00 1.86 0.62 9.00 8.42 1.89 2.87 2.32 3.52 0.00 4.41 2.93 1.99 3.79 8.68 10.66
15 238.06 25.99 19.22 128.83 52.64 21.10 138.86 196.64 74.32 61.72 69.15 24.88 71.26 99.88 53.94 40.08 45.61 102.24 189.17
15 189.54 23.58 16.76 116.33 43.29 14.76 78.13 142.14 53.81 40.53 46.40 18.84 42.44 55.73 27.07 31.54 36.51 50.40 135.35
15 213.80 24.79 17.99 122.58 47.96 17.93 108.49 169.39 64.07 51.12 57.78 21.86 56.85 77.80 40.51 35.81 41.06 76.32 162.26
15 12.13 0.60 0.62 3.12 2.34 1.58 15.18 13.63 5.13 5.30 5.69 1.51 7.20 11.04 6.72 2.14 2.28 12.96 13.45
16 308.15 26.75 20.96 160.94 60.54 16.77 119.94 117.05 64.23 51.11 64.04 68.96 4.23 74.06 46.38 61.10 72.97 118.08 110.27
16 238.80 24.50 18.37 147.64 48.04 12.14 74.92 89.27 48.55 38.28 46.05 52.56 -2.35 48.90 35.36 44.79 52.45 68.84 71.92
16 273.47 25.63 19.66 154.29 54.29 14.46 97.43 103.16 56.39 44.70 55.04 60.76 0.94 61.48 40.87 52.95 62.71 93.46 91.10
16 17.34 0.56 0.65 3.33 3.13 1.16 11.25 6.94 3.92 3.21 4.50 4.10 1.65 6.29 2.75 4.08 5.13 12.31 9.59
17 282.17 26.25 18.93 157.47 61.46 15.96 126.82 201.57 71.61 69.76 67.15 48.32 91.04 90.56 53.61 63.82 65.55 103.62 131.98
17 237.00 24.38 17.41 144.61 51.43 12.67 81.19 140.82 58.16 48.97 54.24 37.46 59.12 58.72 32.95 45.26 47.71 55.03 75.60
17 259.59 25.32 18.17 151.04 56.44 14.32 104.01 171.19 64.89 59.37 60.69 42.89 75.08 74.64 43.28 54.54 56.63 79.33 103.79
17 11.29 0.47 0.38 3.21 2.51 0.82 11.41 15.19 3.36 5.20 3.23 2.71 7.98 7.96 5.16 4.64 4.46 12.15 14.09
18 256.81 26.82 19.02 150.20 54.85 14.71 116.59 96.10 73.71 44.10 36.58 69.82 77.49 52.79 58.97 59.15 58.64 103.72 132.61
18 195.04 24.95 16.50 142.03 43.45 11.87 72.67 43.16 54.02 33.05 27.58 53.32 55.36 31.40 47.68 43.60 39.16 64.25 74.39
18 225.92 25.88 17.76 146.12 49.15 13.29 94.63 69.63 63.86 38.58 32.08 61.57 66.43 42.10 53.33 51.37 48.90 83.99 103.50
18 15.44 0.47 0.63 2.04 2.85 0.71 10.98 13.24 4.92 2.76 2.25 4.12 5.53 5.35 2.82 3.89 4.87 9.87 14.56
19 173.27 26.02 17.02 94.09 41.75 29.64 100.00 100.00 82.77 31.36 29.01 30.71 91.56 20.93 97.66 47.84 18.48 158.03 162.25
19 111.59 23.94 14.71 80.33 29.99 17.60 100.00 100.00 63.81 15.30 17.53 19.78 36.14 11.70 65.42 12.95 10.86 130.43 137.85
19 142.43 24.98 15.87 87.21 35.87 23.62 100.00 100.00 73.29 23.33 23.27 25.24 63.85 16.32 81.54 30.40 14.67 144.23 150.05
19 15.42 0.52 0.58 3.44 2.94 3.01 0.00 0.00 4.74 4.01 2.87 2.73 13.86 2.31 8.06 8.72 1.90 6.90 6.10
20 251.09 26.17 19.20 138.97 53.21 17.77 133.76 123.91 51.83 50.42 51.75 65.03 0.00 85.36 38.83 22.39 86.23 162.31 156.52
20 187.31 23.95 17.38 125.18 42.40 13.81 80.99 60.63 32.39 34.03 40.33 53.66 0.00 55.80 14.91 15.08 64.45 133.06 88.37
20 219.20 25.06 18.29 132.08 47.81 15.79 107.37 92.27 42.11 42.22 46.04 59.35 0.00 70.58 26.87 18.73 75.34 147.69 122.45
20 15.94 0.55 0.46 3.45 2.70 0.99 13.19 15.82 4.86 4.10 2.85 2.84 0.00 7.39 5.98 1.83 5.45 7.31 17.04
21 212.13 25.37 20.13 120.50 43.76 18.89 167.86 149.31 47.39 51.18 50.67 35.71 54.27 33.66 51.09 50.93 45.84 193.38 186.01
21 164.66 22.40 18.19 111.77 38.51 16.19 138.69 108.21 37.29 40.01 41.31 26.31 18.06 22.97 44.71 42.39 33.51 170.91 161.35
21 188.39 23.88 19.16 116.13 41.14 17.54 153.28 128.76 42.34 45.60 45.99 31.01 36.16 28.31 47.90 46.66 39.68 182.14 173.68
21 11.87 0.74 0.48 2.18 1.31 0.67 7.29 10.28 2.53 2.79 2.34 2.35 9.05 2.67 1.60 2.13 3.08 5.62 6.16
22 352.74 24.66 24.35 168.50 61.85 17.59 149.46 149.47 59.90 72.83 72.53 48.98 103.09 57.53 70.08 71.26 54.32 158.04 174.48
22 254.65 22.24 22.40 152.73 48.83 12.05 104.28 112.98 41.02 55.15 57.57 34.03 79.24 42.76 55.14 52.55 37.82 124.07 142.10
22 303.69 23.45 23.38 160.62 55.34 14.82 126.87 131.22 50.46 63.99 65.05 41.50 91.17 50.15 62.61 61.91 46.07 141.06 158.29
22 24.52 0.61 0.49 3.94 3.26 1.38 11.29 9.12 4.72 4.42 3.74 3.74 5.96 3.69 3.74 4.68 4.13 8.49 8.10
23 224.04 25.74 18.40 140.84 50.89 14.86 110.89 105.20 57.27 49.04 51.25 50.89 105.69 48.54 60.25 56.32 51.16 113.76 107.63
23 148.21 23.05 15.78 127.97 38.27 10.99 82.78 75.80 39.04 35.81 35.74 37.91 92.15 22.20 45.09 38.94 33.73 73.33 59.26
23 186.13 24.39 17.09 134.40 44.58 12.92 96.83 90.50 48.16 42.42 43.49 44.40 98.92 35.37 52.67 47.63 42.44 93.54 83.45
23 18.96 0.67 0.66 3.22 3.15 0.97 7.03 7.35 4.56 3.31 3.88 3.25 3.39 6.59 3.79 4.35 4.36 10.11 12.09
24 181.98 25.99 19.60 110.15 37.63 20.52 116.90 118.16 53.10 54.04 26.77 24.96 106.40 23.36 54.69 52.45 27.25 182.55 170.96
24 116.92 23.70 17.38 98.81 27.29 13.87 98.80 95.94 37.94 38.05 13.55 14.39 83.69 14.72 35.53 30.43 17.55 146.31 146.44
24 149.45 24.85 18.49 104.48 32.46 17.19 107.85 107.05 45.52 46.05 20.16 19.68 95.05 19.04 45.11 41.44 22.40 164.43 158.70
24 16.26 0.57 0.56 2.84 2.59 1.66 4.52 5.56 3.79 4.00 3.31 2.64 5.68 2.16 4.79 5.50 2.42 9.06 6.13
25 241.92 27.25 17.43 137.53 54.05 18.71 107.77 100.00 77.16 35.98 35.29 75.95 97.73 42.82 70.56 69.75 41.43 114.18 110.88
25 157.04 25.02 15.44 119.09 38.69 11.80 68.67 100.00 52.63 20.05 22.00 52.92 72.94 26.64 45.69 48.13 28.50 66.15 72.33
25 199.48 26.13 16.43 128.31 46.37 15.26 88.22 100.00 64.89 28.02 28.65 64.44 85.34 34.73 58.13 58.94 34.97 90.16 91.61
25 21.22 0.56 0.50 4.61 3.84 1.73 9.78 0.00 6.13 3.98 3.32 5.76 6.20 4.04 6.22 5.41 3.23 12.01 9.64
26 114.60 24.55 7.78 67.77 67.11 35.06 222.09 123.38 91.98 62.79 68.37 61.63 154.92 19.33 55.03 103.46 104.11 211.39 155.79
26 66.65 21.66 5.70 59.54 48.95 21.12 74.26 -39.02 72.22 42.20 32.55 37.65 13.93 5.67 8.99 90.85 45.47 123.04 25.20
26 90.63 23.11 6.74 63.65 58.03 28.09 148.17 42.18 82.10 52.49 50.46 49.64 84.42 12.50 32.01 97.16 74.79 167.21 90.50
26 11.99 0.72 0.52 2.06 4.54 3.49 36.96 40.60 4.94 5.15 8.95 5.99 35.25 3.42 11.51 3.15 14.66 22.09 32.65
27 238.97 26.38 17.55 142.83 55.45 16.12 175.73 139.89 71.02 43.57 47.56 67.23 60.08 49.23 62.59 60.04 61.70 112.82 135.93
27 169.57 25.52 14.49 132.33 42.78 11.03 132.05 113.02 50.70 30.80 34.11 48.69 39.11 32.93 45.33 42.51 38.26 62.48 88.67
27 204.27 25.95 16.02 137.58 49.11 13.58 153.89 126.46 60.86 37.19 40.84 57.96 49.60 41.08 53.96 51.27 49.98 87.65 112.30
27 17.35 0.21 0.76 2.62 3.17 1.27 10.92 6.72 5.08 3.19 3.36 4.63 5.24 4.08 4.32 4.38 5.86 12.59 11.82
28 219.96 26.61 16.27 132.91 56.39 17.59 196.82 31.13 75.10 46.09 42.24 67.53 77.70 40.57 46.56 72.82 81.10 129.27 118.07
28 180.39 24.94 14.01 120.63 46.25 13.75 149.04 3.19 57.23 35.47 36.36 51.06 59.61 19.93 35.80 53.06 53.50 84.17 74.42
28 200.17 25.78 15.14 126.77 51.32 15.67 172.93 17.16 66.16 40.78 39.30 59.30 68.66 30.25 41.18 62.94 67.30 106.72 96.24
28 9.89 0.42 0.56 3.07 2.54 0.96 11.95 6.98 4.47 2.66 1.47 4.12 4.52 5.16 2.69 4.94 6.90 11.28 10.91
29 202.73 23.73 15.62 107.01 61.03 28.47 154.00 52.09 49.19 72.00 94.24 35.76 69.69 29.43 50.11 61.84 106.31 198.80 44.22
29 164.61 22.06 13.88 91.72 47.88 18.55 97.15 -13.24 38.00 50.32 73.02 21.01 18.26 18.09 37.77 43.98 71.81 159.11 -10.08
29 183.67 22.89 14.75 99.37 54.45 23.51 125.58 19.42 43.60 61.16 83.63 28.38 43.97 23.76 43.94 52.91 89.06 178.95 17.07
29 9.53 0.42 0.44 3.82 3.29 2.48 14.21 16.33 2.80 5.42 5.31 3.69 12.86 2.84 3.08 4.46 8.62 9.92 13.57
30 256.70 27.02 17.73 146.11 58.31 16.96 104.81 113.86 69.96 58.47 50.71 66.78 81.00 70.98 63.61 58.08 57.55 91.12 126.30
30 208.63 24.71 15.46 131.08 50.11 13.51 74.35 57.86 55.32 41.18 35.25 55.11 52.66 45.25 49.11 46.22 43.62 58.42 81.07
30 232.66 25.87 16.60 138.60 54.21 15.24 89.58 85.86 62.64 49.82 42.98 60.94 66.83 58.12 56.36 52.15 50.58 74.77 103.68
30 12.02 0.58 0.57 3.76 2.05 0.86 7.61 14.00 3.66 4.32 3.87 2.92 7.09 6.43 3.63 2.97 3.48 8.18 11.31
31 222.56 25.61 17.00 126.94 56.84 18.66 39.19 112.43 36.35 66.16 62.41 67.18 66.00 68.38 69.66 54.15 52.51 71.27 78.12
31 185.13 23.71 14.81 119.41 47.18 15.12 8.19 65.80 26.38 56.51 47.71 51.90 42.73 45.40 54.97 38.31 33.63 29.79 38.56
31 203.85 24.66 15.90 123.17 52.01 16.89 23.69 89.12 31.37 61.33 55.06 59.54 54.37 56.89 62.32 46.23 43.07 50.53 58.34
31 9.36 0.47 0.55 1.88 2.42 0.89 7.75 11.66 2.49 2.41 3.67 3.82 5.82 5.74 3.67 3.96 4.72 10.37 9.89
32 167.07 25.83 16.85 102.18 41.54 21.66 139.81 100.00 80.22 33.70 30.96 28.74 91.38 24.37 57.69 60.81 34.98 184.11 153.41
32 127.56 24.11 14.57 92.78 33.55 17.29 107.41 100.00 65.53 22.59 22.89 19.98 46.65 12.58 39.64 48.21 18.80 135.08 138.17
32 147.32 24.97 15.71 97.48 37.54 19.48 123.61 100.00 72.87 28.14 26.93 24.36 69.02 18.48 48.66 54.51 26.89 159.60 145.79
32 9.88 0.43 0.57 2.35 2.00 1.09 8.10 0.00 3.67 2.78 2.02 2.19 11.18 2.95 4.51 3.15 4.05 12.26 3.81
33 327.22 31.35 18.80 166.14 67.66 17.05 110.34 97.54 81.76 72.51 68.79 66.53 89.77 77.39 76.25 62.78 78.26 126.59 116.60
33 230.19 21.57 15.84 140.20 54.29 12.82 49.21 21.30 38.35 57.22 49.78 52.58 53.54 40.36 55.63 45.98 49.15 35.22 70.59
33 278.70 26.46 17.32 153.17 60.98 14.94 79.78 59.42 60.05 64.86 59.29 59.55 71.66 58.87 65.94 54.38 63.70 80.91 93.59
33 24.26 2.45 0.74 6.49 3.34 1.06 15.28 19.06 10.85 3.82 4.75 3.49 9.06 9.26 5.15 4.20 7.28 22.84 11.50
34 245.46 28.39 18.06 147.42 57.83 21.17 203.91 143.57 71.77 60.18 76.43 34.56 52.43 50.84 54.21 74.58 70.87 167.36 156.37
34 185.06 22.17 14.86 104.58 45.85 13.29 128.89 87.31 44.24 47.38 59.65 25.71 17.84 29.91 39.41 53.01 41.33 125.65 111.08
34 215.26 25.28 16.46 126.00 51.84 17.23 166.40 115.44 58.01 53.78 68.04 30.13 35.13 40.38 46.81 63.80 56.10 146.50 133.73
34 15.10 1.55 0.80 10.71 2.99 1.97 18.76 14.07 6.88 3.20 4.20 2.21 8.65 5.23 3.70 5.39 7.39 10.43 11.32
35 259.25 26.64 19.02 145.58 56.55 16.40 113.82 122.56 65.85 53.27 53.41 58.47 0.00 74.01 54.71 42.70 68.85 120.60 122.57
35 221.42 24.99 16.71 136.84 47.75 13.90 74.00 77.28 49.61 44.84 44.26 47.83 0.00 51.21 37.19 29.49 56.57 77.53 79.61
35 240.34 25.82 17.87 141.21 52.15 15.15 93.91 99.92 57.73 49.06 48.83 53.15 0.00 62.61 45.95 36.10 62.71 99.06 101.09
35 9.46 0.41 0.58 2.18 2.20 0.63 9.95 11.32 4.06 2.11 2.29 2.66 0.00 5.70 4.38 3.30 3.07 10.77 10.74
36 276.29 27.88 22.32 158.91 48.36 14.80 130.23 129.45 67.17 73.90 43.14 22.46 41.03 87.59 24.38 24.21 63.78 131.69 183.12
36 210.86 25.29 20.30 149.52 37.65 10.96 82.70 67.14 48.15 50.88 24.43 16.50 5.69 59.47 17.99 17.40 47.15 101.36 127.98
36 243.58 26.59 21.31 154.21 43.01 12.88 106.46 98.29 57.66 62.39 33.79 19.48 23.36 73.53 21.18 20.81 55.46 116.52 155.55
36 16.36 0.65 0.50 2.35 2.68 0.96 11.88 15.58 4.76 5.76 4.68 1.49 8.83 7.03 1.60 1.70 4.16 7.58 13.79
37 211.44 27.78 28.78 126.22 28.03 19.35 54.03 151.86 73.62 33.33 40.77 32.93 51.15 60.21 37.72 67.86 16.71 121.07 152.02
37 153.36 25.66 26.70 107.67 21.17 14.22 29.09 121.84 54.49 22.51 31.61 19.25 16.53 39.65 21.90 48.52 10.16 98.07 132.15
37 182.40 26.72 27.74 116.94 24.60 16.78 41.56 136.85 64.05 27.92 36.19 26.09 33.84 49.93 29.81 58.19 13.43 109.57 142.08
37 14.52 0.53 0.52 4.64 1.71 1.28 6.23 7.50 4.78 2.70 2.29 3.42 8.66 5.14 3.95 4.83 1.64 5.75 4.97
