"ON",1016,55,60
"ON",980,59,60
"ON",985,62,60
"OFF",1006,55
"OFF",1019,59
"OFF",991,62
"ON",978,55,60
"ON",1008,43,60
"OFF",1009,55
"OFF",1010,43
"ON",3019,55,60
"ON",3019,59,60
"ON",3000,62,60
"OFF",5023,55
"OFF",4991,59
"OFF",5007,62
"ON",3012,54,60
"ON",2983,42,60
"OFF",5008,54
"OFF",5005,42
"ON",4981,55,60
"ON",4993,59,60
"ON",5001,62,60
"OFF",6975,55
"OFF",7012,59
"OFF",7015,62
"ON",5005,52,60
"ON",5025,40,60
"OFF",7007,52
"OFF",6980,40
"ON",7016,55,60
"ON",6975,59,60
"ON",7007,62,60
"OFF",8987,55
"OFF",9008,59
"OFF",8997,62
"ON",6989,50,60
"ON",7009,38,60
"OFF",8976,50
"OFF",8975,38
"ON",9016,48,60
"ON",9020,52,60
"ON",8983,55,60
"OFF",11014,48
"OFF",11002,52
"OFF",10998,55
"ON",9020,48,60
"ON",8985,36,60
"OFF",11025,48
"OFF",11009,36
"ON",11022,48,60
"ON",10977,52,60
"ON",10997,55,60
"OFF",12990,48
"OFF",13020,52
"OFF",12982,55
"ON",10977,59,60
"ON",10975,47,60
"OFF",13015,59
"OFF",12988,47
"ON",13000,57,60
"ON",13001,60,60
"ON",12980,64,60
"ON",12981,67,60
"OFF",15008,57
"OFF",14991,60
"OFF",14988,64
"OFF",14992,67
"ON",13012,57,60
"ON",12979,45,60
"OFF",14983,57
"OFF",15014,45
"ON",15004,48,60
"ON",15023,52,60
"ON",15018,55,60
"OFF",17025,48
"OFF",16987,52
"OFF",17017,55
"ON",14990,50,60
"ON",15004,38,60
"OFF",17020,50
"OFF",17001,38
"ON",16987,55,60
"ON",16988,62,60
"OFF",19014,55
"OFF",18983,62
"ON",16994,55,60
"ON",17007,43,60
"OFF",18983,55
"OFF",19018,43
"ON",18987,55,60
"ON",18978,59,60
"ON",19019,62,60
"OFF",20976,55
"OFF",21004,59
"OFF",20991,62
"ON",18977,55,60
"ON",19017,43,60
"OFF",21005,55
"OFF",20992,43
"ON",21014,52,60
"ON",20980,59,60
"OFF",23024,52
"OFF",23002,59
"ON",20984,52,60
"ON",21011,40,60
"OFF",22978,52
"OFF",22986,40
"ON",22977,52,60
"ON",23023,55,60
"ON",22998,59,60
"OFF",25007,52
"OFF",25022,55
"OFF",25024,59
"ON",23023,52,60
"ON",22990,40,60
"OFF",24977,52
"OFF",24993,40
"ON",25023,57,60
"ON",25014,60,60
"ON",24991,64,60
"ON",25005,67,60
"OFF",27007,57
"OFF",26996,60
"OFF",26992,64
"OFF",27007,67
"ON",25017,57,60
"ON",24994,45,60
"OFF",26977,57
"OFF",26991,45
"ON",28989,59,60
"ON",29003,63,60
"ON",28984,69,60
"OFF",33024,59
"OFF",33018,63
"OFF",32988,69
"ON",29023,59,60
"ON",29025,47,60
"OFF",32979,59
"OFF",32990,47
"ON",30979,59,60
"ON",31022,63,60
"ON",30984,66,60
"ON",31005,69,60
"OFF",32977,59
"OFF",33010,63
"OFF",33003,66
"OFF",32992,69
"ON",31022,59,60
"ON",30999,47,60
"OFF",33022,59
"OFF",32982,47
"ON",32992,52,60
"ON",33000,55,60
"ON",33017,59,60
"OFF",35022,52
"OFF",35008,55
"OFF",34977,59
"ON",33020,52,60
"ON",32998,40,60
"OFF",34994,52
"OFF",35010,40
"ON",37008,55,60
"ON",37010,59,60
"ON",37001,62,60
"ON",36981,65,60
"OFF",40979,55
"OFF",40987,59
"OFF",41007,62
"OFF",40998,65
"ON",37015,50,60
"ON",37007,38,60
"OFF",41016,50
"OFF",40979,38
"ON",40981,48,60
"ON",40975,52,60
"ON",40987,55,60
"ON",41020,57,60
"OFF",45008,48
"OFF",44979,52
"OFF",44994,55
"OFF",45017,57
"ON",40977,48,60
"ON",40985,36,60
"OFF",44975,48
"OFF",45016,36
"ON",44990,59,60
"ON",44989,62,60
"ON",44997,66,60
"OFF",48983,59
"OFF",48980,62
"OFF",48976,66
"ON",44990,50,60
"ON",45018,38,60
"OFF",48983,50
"OFF",48999,38
"ON",49005,55,60
"ON",49013,59,60
"ON",48991,62,60
"OFF",53003,55
"OFF",53004,59
"OFF",52992,62
"ON",48989,55,60
"ON",48984,43,60
"OFF",53022,55
"OFF",53022,43
