National Instruments VirtualBench-Scope 2.1.1 Report
Date Created:	10/26/99	2:47:09 PM

USER NAME:	200gB
COMMENTS:	
START DATA
Time	Ch 0
0.000000	6.413534
0.000500	6.411054
0.001000	6.407334
0.001500	6.407954
0.002000	6.403615
0.002500	6.399275
0.003000	6.398035
0.003500	6.393695
0.004000	6.389976
0.004500	6.386876
0.005000	6.383156
0.005500	6.378196
0.006000	6.375716
0.006500	6.370757
0.007000	6.365797
0.007500	6.362077
0.008000	6.360217
0.008500	6.357117
0.009000	6.355258
0.009500	6.352777
0.010000	6.349678
0.010500	6.347198
0.011000	6.344098
0.011500	6.342238
0.012000	6.342858
0.012500	6.340378
0.013000	6.338519
0.013500	6.335419
0.014000	6.334178
0.014500	6.331079
0.015000	6.324879
0.015500	6.322399
0.016000	6.319300
0.016500	6.317440
0.017000	6.313100
0.017500	6.313100
0.018000	6.310620
0.018500	6.311860
0.019000	6.308760
0.019500	6.308140
0.020000	6.306900
0.020500	6.306280
0.021000	6.305660
0.021500	6.305660
0.022000	6.305660
0.022500	6.305040
0.023000	6.306900
0.023500	6.303801
0.024000	6.306900
0.024500	6.309380
0.025000	6.311860
0.025500	6.313720
0.026000	6.320539
0.026500	6.323019
0.027000	6.331079
0.027500	6.336039
0.028000	6.339139
0.028500	6.348438
0.029000	6.353397
0.029500	6.362697
0.030000	6.365177
0.030500	6.371996
0.031000	6.377576
0.031500	6.383776
0.032000	6.386256
0.032500	6.391215
0.033000	6.398035
0.033500	6.401755
0.034000	6.407334
0.034500	6.413534
0.035000	6.419114
0.035500	6.424074
0.036000	6.426553
0.036500	6.430893
0.037000	6.435233
0.037500	6.439573
0.038000	6.443293
0.038500	6.442672
0.039000	6.445772
0.039500	6.450112
0.040000	6.447012
0.040500	6.449492
0.041000	6.450732
0.041500	6.458792
0.042000	6.459412
0.042500	6.454452
0.043000	6.458171
0.043500	6.462512
0.044000	6.461891
0.044500	6.456932
0.045000	6.460032
0.045500	6.463131
0.046000	6.461891
0.046500	6.464371
0.047000	6.459412
0.047500	6.458171
0.048000	6.456932
0.048500	6.444532
0.049000	6.439573
0.049500	6.430273
0.050000	6.425933
0.050500	6.419114
0.051000	6.407334
0.051500	6.402995
0.052000	6.393695
0.052500	6.389356
0.053000	6.387496
0.053500	6.377576
0.054000	6.378816
0.054500	6.376336
0.055000	6.375096
0.055500	6.375096
0.056000	6.370137
0.056500	6.371996
0.057000	6.368277
0.057500	6.363937
0.058000	6.368896
0.058500	6.368896
0.059000	6.369517
0.059500	6.368896
0.060000	6.366417
0.060500	6.368277
0.061000	6.367037
0.061500	6.365177
0.062000	6.366417
0.062500	6.362697
0.063000	6.357737
0.063500	6.352777
0.064000	6.345958
0.064500	6.337898
0.065000	6.328599
0.065500	6.322399
0.066000	6.319300
0.066500	6.313100
0.067000	6.304420
0.067500	6.301940
0.068000	6.296981
0.068500	6.292021
0.069000	6.292641
0.069500	6.285821
0.070000	6.283961
0.070500	6.282102
0.071000	6.281482
0.071500	6.283961
0.072000	6.289541
0.072500	6.293261
0.073000	6.297601
0.073500	6.297601
0.074000	6.301940
0.074500	6.310000
0.075000	6.317440
0.075500	6.323639
0.076000	6.332319
0.076500	6.342858
0.077000	6.351538
0.077500	6.354018
0.078000	6.360217
0.078500	6.365177
0.079000	6.373236
0.079500	6.378196
0.080000	6.380676
0.080500	6.388115
0.081000	6.388115
0.081500	6.389356
0.082000	6.388115
0.082500	6.389976
0.083000	6.394935
0.083500	6.394935
0.084000	6.398035
0.084500	6.396175
0.085000	6.398655
0.085500	6.401135
0.086000	6.398655
0.086500	6.399275
0.087000	6.402375
0.087500	6.411054
0.088000	6.412294
0.088500	6.417874
0.089000	6.425933
0.089500	6.428413
0.090000	6.431513
0.090500	6.438952
0.091000	6.448872
0.091500	6.450732
0.092000	6.458792
0.092500	6.456932
0.093000	6.464371
0.093500	6.463751
0.094000	6.463131
0.094500	6.456932
0.095000	6.450112
0.095500	6.456932
0.096000	6.446392
0.096500	6.436473
0.097000	6.425933
0.097500	6.413534
0.098000	6.404855
0.098500	6.389356
0.099000	6.370757
0.099500	6.362077
0.100000	6.346578
0.100500	6.342238
0.101000	6.332319
0.101500	6.320539
0.102000	6.316820
0.102500	6.313100
0.103000	6.307520
0.103500	6.303180
0.104000	6.304420
0.104500	6.307520
0.105000	6.308760
0.105500	6.308140
0.106000	6.316820
0.106500	6.321159
0.107000	6.319300
0.107500	6.321159
0.108000	6.321779
0.108500	6.324879
0.109000	6.329839
0.109500	6.331079
0.110000	6.327359
0.110500	6.329839
0.111000	6.323019
0.111500	6.321779
0.112000	6.324259
0.112500	6.317440
0.113000	6.314340
0.113500	6.310620
0.114000	6.303801
0.114500	6.301321
0.115000	6.295741
0.115500	6.292021
0.116000	6.288301
0.116500	6.287061
0.117000	6.289541
0.117500	6.292021
0.118000	6.295121
0.118500	6.298841
0.119000	6.298841
0.119500	6.302560
0.120000	6.308140
0.120500	6.316200
0.121000	6.322399
0.121500	6.337278
0.122000	6.349678
0.122500	6.362697
0.123000	6.380676
0.123500	6.388115
0.124000	6.401755
0.124500	6.407334
0.125000	6.425313
0.125500	6.435853
0.126000	6.442672
0.126500	6.453212
0.127000	6.458792
0.127500	6.455072
0.128000	6.450732
0.128500	6.449492
0.129000	6.443913
0.129500	6.435853
0.130000	6.435233
0.130500	6.427173
0.131000	6.422833
0.131500	6.419114
0.132000	6.414774
0.132500	6.415394
0.133000	6.414774
0.133500	6.416014
0.134000	6.413534
0.134500	6.414154
0.135000	6.412294
0.135500	6.411674
0.136000	6.418494
0.136500	6.419734
0.137000	6.421594
0.137500	6.427794
0.138000	6.435853
0.138500	6.443913
0.139000	6.456932
0.139500	6.474291
0.140000	6.485450
0.140500	6.496609
0.141000	6.507769
0.141500	6.522648
0.142000	6.539387
0.142500	6.548067
0.143000	6.560466
0.143500	6.569145
0.144000	6.572865
0.144500	6.568525
0.145000	6.571005
0.145500	6.569765
0.146000	6.556126
0.146500	6.545587
0.147000	6.533807
0.147500	6.520788
0.148000	6.507149
0.148500	6.486070
0.149000	6.468091
0.149500	6.455072
0.150000	6.438952
0.150500	6.422833
0.151000	6.407334
0.151500	6.394935
0.152000	6.378196
0.152500	6.361457
0.153000	6.344098
0.153500	6.332319
0.154000	6.314960
0.154500	6.298841
0.155000	6.285202
0.155500	6.272182
0.156000	6.259783
0.156500	6.251103
0.157000	6.231884
0.157500	6.217005
0.158000	6.208946
0.158500	6.203986
0.159000	6.197786
0.159500	6.187247
0.160000	6.179808
0.160500	6.175467
0.161000	6.164309
0.161500	6.153769
0.162000	6.155009
0.162500	6.153769
0.163000	6.148189
0.163500	6.140749
0.164000	6.146949
0.164500	6.149429
0.165000	6.153149
0.165500	6.158729
0.166000	6.163068
0.166500	6.175467
0.167000	6.190347
0.167500	6.204606
0.168000	6.218865
0.168500	6.239944
0.169000	6.256063
0.169500	6.274662
0.170000	6.294501
0.170500	6.311860
0.171000	6.333559
0.171500	6.352158
0.172000	6.372616
0.172500	6.390595
0.173000	6.409194
0.173500	6.420974
0.174000	6.437713
0.174500	6.448872
0.175000	6.464371
0.175500	6.468711
0.176000	6.476151
0.176500	6.487930
0.177000	6.489170
0.177500	6.487930
0.178000	6.489170
0.178500	6.484210
0.179000	6.478011
0.179500	6.476770
0.180000	6.465611
0.180500	6.458171
0.181000	6.450732
0.181500	6.444532
0.182000	6.435853
0.182500	6.425933
0.183000	6.417254
0.183500	6.416014
0.184000	6.412914
0.184500	6.408575
0.185000	6.411674
0.185500	6.412294
0.186000	6.409814
0.186500	6.416014
0.187000	6.422214
0.187500	6.429033
0.188000	6.435853
0.188500	6.447012
0.189000	6.454452
0.189500	6.462512
0.190000	6.466851
0.190500	6.476770
0.191000	6.486690
0.191500	6.495369
0.192000	6.503429
0.192500	6.509009
0.193000	6.516448
0.193500	6.519548
0.194000	6.518928
0.194500	6.516448
0.195000	6.511488
0.195500	6.504669
0.196000	6.495989
0.196500	6.482970
0.197000	6.469331
0.197500	6.453212
0.198000	6.438333
0.198500	6.412914
0.199000	6.395555
0.199500	6.371996
0.200000	6.357737
0.200500	6.335419
0.201000	6.314340
0.201500	6.296981
0.202000	6.279002
0.202500	6.256063
0.203000	6.242424
0.203500	6.228785
0.204000	6.216385
0.204500	6.202746
0.205000	6.190967
0.205500	6.182907
0.206000	6.176088
0.206500	6.172368
0.207000	6.167408
0.207500	6.163068
0.208000	6.159348
0.208500	6.167408
0.209000	6.170508
0.209500	6.172988
0.210000	6.182287
0.210500	6.191587
0.211000	6.203986
0.211500	6.215146
0.212000	6.227545
0.212500	6.241804
0.213000	6.254203
0.213500	6.266603
0.214000	6.280241
0.214500	6.292641
0.215000	6.304420
0.215500	6.317440
0.216000	6.327979
0.216500	6.337898
0.217000	6.352777
0.217500	6.363317
0.218000	6.373857
0.218500	6.381916
0.219000	6.388115
0.219500	6.402995
0.220000	6.411054
0.220500	6.411054
0.221000	6.420974
0.221500	6.430273
0.222000	6.435853
0.222500	6.440193
0.223000	6.450112
0.223500	6.453212
0.224000	6.454452
0.224500	6.456932
0.225000	6.463131
0.225500	6.460032
0.226000	6.463751
0.226500	6.469951
0.227000	6.468711
0.227500	6.471811
0.228000	6.476151
0.228500	6.476151
0.229000	6.479250
0.229500	6.479870
0.230000	6.481730
0.230500	6.479250
0.231000	6.470571
0.231500	6.473051
0.232000	6.461271
0.232500	6.455692
0.233000	6.456312
0.233500	6.445152
0.234000	6.445772
0.234500	6.443293
0.235000	6.437093
0.235500	6.433373
0.236000	6.430893
0.236500	6.431513
0.237000	6.429033
0.237500	6.425933
0.238000	6.432133
0.238500	6.429033
0.239000	6.432133
0.239500	6.437093
0.240000	6.435853
0.240500	6.441432
0.241000	6.443913
0.241500	6.447632
0.242000	6.448872
0.242500	6.442672
0.243000	6.453212
0.243500	6.450112
0.244000	6.445152
0.244500	6.443293
0.245000	6.437713
0.245500	6.443293
0.246000	6.428413
0.246500	6.424694
0.247000	6.418494
0.247500	6.415394
0.248000	6.413534
0.248500	6.393695
0.249000	6.388735
0.249500	6.382536
0.250000	6.373857
0.250500	6.367657
0.251000	6.356497
0.251500	6.354638
0.252000	6.344098
0.252500	6.336658
0.253000	6.329839
0.253500	6.321159
0.254000	6.318679
0.254500	6.308760
0.255000	6.307520
0.255500	6.301321
0.256000	6.303180
0.256500	6.300701
0.257000	6.295741
0.257500	6.296361
0.258000	6.295121
0.258500	6.296361
0.259000	6.298841
0.259500	6.301321
0.260000	6.301940
0.260500	6.306280
0.261000	6.306280
0.261500	6.306900
0.262000	6.310620
0.262500	6.313100
0.263000	6.317440
0.263500	6.319920
0.264000	6.323639
0.264500	6.324879
0.265000	6.324259
0.265500	6.324879
0.266000	6.324259
0.266500	6.322399
0.267000	6.325499
0.267500	6.327359
0.268000	6.327359
0.268500	6.327979
0.269000	6.328599
0.269500	6.329839
0.270000	6.324879
0.270500	6.329839
0.271000	6.331079
0.271500	6.334178
0.272000	6.332939
0.272500	6.337898
0.273000	6.338519
0.273500	6.336039
0.274000	6.337898
0.274500	6.344098
0.275000	6.345338
0.275500	6.342858
0.276000	6.345338
0.276500	6.353397
0.277000	6.354018
0.277500	6.354638
0.278000	6.355258
0.278500	6.363937
0.279000	6.368277
0.279500	6.374476
0.280000	6.378816
0.280500	6.386876
0.281000	6.391215
0.281500	6.397415
0.282000	6.396795
0.282500	6.402375
0.283000	6.405475
0.283500	6.411054
0.284000	6.418494
0.284500	6.425933
0.285000	6.433993
0.285500	6.437093
0.286000	6.443913
0.286500	6.450112
0.287000	6.453212
0.287500	6.456932
0.288000	6.459412
0.288500	6.456932
0.289000	6.451972
0.289500	6.452592
0.290000	6.449492
0.290500	6.447012
0.291000	6.443293
0.291500	6.441432
0.292000	6.438952
0.292500	6.433373
0.293000	6.431513
0.293500	6.430893
0.294000	6.433373
0.294500	6.429033
0.295000	6.427173
0.295500	6.434613
0.296000	6.428413
0.296500	6.426553
0.297000	6.428413
0.297500	6.430893
0.298000	6.432133
0.298500	6.429033
0.299000	6.420974
0.299500	6.416014
0.300000	6.412294
0.300500	6.409194
0.301000	6.402995
0.301500	6.399895
0.302000	6.394315
0.302500	6.385636
0.303000	6.374476
0.303500	6.366417
0.304000	6.358357
0.304500	6.349058
0.305000	6.344718
0.305500	6.336039
0.306000	6.329219
0.306500	6.323639
0.307000	6.311860
0.307500	6.301321
0.308000	6.294501
0.308500	6.292641
0.309000	6.285202
0.309500	6.280862
0.310000	6.282102
0.310500	6.283961
0.311000	6.285821
0.311500	6.290161
0.312000	6.298841
0.312500	6.308760
0.313000	6.311860
0.313500	6.318679
0.314000	6.327359
0.314500	6.338519
0.315000	6.337898
0.315500	6.349678
0.316000	6.354638
0.316500	6.355877
0.317000	6.356497
0.317500	6.355877
0.318000	6.356497
0.318500	6.358977
0.319000	6.358357
0.319500	6.356497
0.320000	6.355258
0.320500	6.346578
0.321000	6.345338
0.321500	6.340998
0.322000	6.334799
0.322500	6.326739
0.323000	6.321779
0.323500	6.303180
0.324000	6.364557
0.324500	6.574105
0.325000	6.876028
0.325500	7.290164
0.326000	7.662763
0.326500	8.015523
0.327000	8.292647
0.327500	8.535673
0.328000	8.879133
0.328500	9.378205
0.329000	9.934934
0.329500	10.265994
0.330000	10.722908
0.330500	11.251739
0.331000	11.730350
0.331500	12.216403
0.332000	12.436490
0.332500	12.437111
0.333000	12.318697
0.333500	12.191605
0.334000	12.080631
0.334500	11.934939
0.335000	11.764449
0.335500	11.483604
0.336000	11.142004
0.336500	10.814043
0.337000	10.754526
0.337500	10.830782
0.338000	10.773126
0.338500	10.788625
0.339000	10.845661
0.339500	10.727868
0.340000	10.980193
0.340500	11.258557
0.341000	11.493525
0.341500	11.536922
0.342000	11.587759
0.342500	11.722291
0.343000	11.977716
0.343500	12.424711
0.344000	12.791730
0.344500	13.187887
0.345000	13.259184
0.345500	13.258564
0.346000	13.257943
0.346500	13.257943
0.347000	13.257323
0.347500	13.256703
0.348000	13.256703
0.348500	13.256703
0.349000	13.256703
0.349500	13.256703
0.350000	13.256703
0.350500	13.257323
0.351000	13.257323
0.351500	13.015537
0.352000	12.553043
0.352500	12.019255
0.353000	11.465006
0.353500	10.845661
0.354000	10.217017
0.354500	9.522037
0.355000	8.810937
0.355500	8.039701
0.356000	7.268466
0.356500	6.520168
0.357000	5.711734
0.357500	4.933059
0.358000	4.146324
0.358500	3.336650
0.359000	2.530696
0.359500	1.776199
0.360000	1.014262
0.360500	0.277124
0.361000	-0.376319
0.361500	-0.961565
0.362000	-1.451337
0.362500	-1.859274
0.363000	-2.198395
0.363500	-2.465599
0.364000	-2.649109
0.364500	-2.763182
0.365000	-2.823939
0.365500	-2.801620
0.366000	-2.703666
0.366500	-2.545575
0.367000	-2.332307
0.367500	-2.066342
0.368000	-1.775579
0.368500	-1.430258
0.369000	-1.057040
0.369500	-0.648483
0.370000	-0.215748
0.370500	0.239926
0.371000	0.724739
0.371500	1.216371
0.372000	1.732181
0.372500	2.248612
0.373000	2.762562
0.373500	3.243035
0.374000	3.706769
0.374500	4.145703
0.375000	4.546821
0.375500	4.892141
0.376000	5.192824
0.376500	5.475528
0.377000	5.712354
0.377500	5.925002
0.378000	6.146949
0.378500	6.425313
0.379000	6.739635
0.379500	7.078756
0.380000	7.380679
0.380500	7.619365
0.381000	7.791096
0.381500	7.953526
0.382000	8.053341
0.382500	8.140756
0.383000	8.181673
0.383500	8.197172
0.384000	8.214531
0.384500	8.218251
0.385000	8.217631
0.385500	8.163074
0.386000	8.079379
0.386500	8.045281
0.387000	8.021102
0.387500	7.983284
0.388000	7.960346
0.388500	7.969025
0.389000	7.997544
0.389500	8.044041
0.390000	8.112857
0.390500	8.213291
0.391000	8.336664
0.391500	8.495376
0.392000	8.681365
0.392500	8.892773
0.393000	9.138279
0.393500	9.383164
0.394000	9.659669
0.394500	9.984530
0.395000	10.321171
0.395500	10.647272
0.396000	10.955395
0.396500	11.251739
0.397000	11.499724
0.397500	11.705552
0.398000	11.883482
0.398500	12.023594
0.399000	12.103569
0.399500	12.132708
0.400000	12.109769
0.400500	12.022354
0.401000	11.894021
0.401500	11.719192
0.402000	11.491664
0.402500	11.212680
0.403000	10.916957
0.403500	10.588996
0.404000	10.231896
0.404500	9.841318
0.405000	9.454460
0.405500	9.035364
0.406000	8.592090
0.406500	8.135176
0.407000	7.680742
0.407500	7.280865
0.408000	6.915706
0.408500	6.612543
0.409000	6.332319
0.409500	6.093012
0.410000	5.863006
0.410500	5.641678
0.411000	5.427790
0.411500	5.222582
0.412000	5.020473
0.412500	4.867342
0.413000	4.719791
0.413500	4.561700
0.414000	4.419728
0.414500	4.285195
0.415000	4.138264
0.415500	4.011171
0.416000	3.903297
0.416500	3.813402
0.417000	3.758226
0.417500	3.725987
0.418000	3.716688
0.418500	3.716068
0.419000	3.733427
0.419500	3.771865
0.420000	3.830142
0.420500	3.896478
0.421000	3.973353
0.421500	4.069448
0.422000	4.156863
0.422500	4.249238
0.423000	4.355251
0.423500	4.462505
0.424000	4.571619
0.424500	4.686313
0.425000	4.818985
0.425500	4.936779
0.426000	5.025433
0.426500	5.090529
0.427000	5.161826
0.427500	5.221342
0.428000	5.267220
0.428500	5.313097
0.429000	5.354014
0.429500	5.400512
0.430000	5.429650
0.430500	5.476148
0.431000	5.516445
0.431500	5.553023
0.432000	5.582161
0.432500	5.621839
0.433000	5.672677
0.433500	5.732813
0.434000	5.796669
0.434500	5.858046
0.435000	5.931201
0.435500	6.023576
0.436000	6.119671
0.436500	6.227545
0.437000	6.350298
0.437500	6.494130
0.438000	6.642921
0.438500	6.812791
0.439000	6.993821
0.439500	7.177950
0.440000	7.354021
0.440500	7.544350
0.441000	7.729099
0.441500	7.912609
0.442000	8.099218
0.442500	8.283967
0.443000	8.470576
0.443500	8.662146
0.444000	8.862394
0.444500	9.053344
0.445000	9.234373
0.445500	9.406103
0.446000	9.566054
0.446500	9.716705
0.447000	9.853098
0.447500	9.978951
0.448000	10.099844
0.448500	10.204618
0.449000	10.295753
0.449500	10.376348
0.450000	10.442064
0.450500	10.488562
0.451000	10.500341
0.451500	10.486082
0.452000	10.439585
0.452500	10.366428
0.453000	10.261035
0.453500	10.127742
0.454000	9.969031
0.454500	9.783042
0.455000	9.572874
0.455500	9.337907
0.456000	9.091782
0.456500	8.819617
0.457000	8.534433
0.457500	8.251729
0.458000	7.961586
0.458500	7.667103
0.459000	7.374479
0.459500	7.089915
0.460000	6.809691
0.460500	6.532568
0.461000	6.267222
0.461500	6.013037
0.462000	5.768151
0.462500	5.541864
0.463000	5.337276
0.463500	5.155006
0.464000	4.991335
0.464500	4.845644
0.465000	4.720411
0.465500	4.623076
0.466000	4.529461
0.466500	4.458166
0.467000	4.407329
0.467500	4.370750
0.468000	4.354631
0.468500	4.355251
0.469000	4.373230
0.469500	4.396789
0.470000	4.429028
0.470500	4.471805
0.471000	4.528222
0.471500	4.592078
0.472000	4.666474
0.472500	4.749549
0.473000	4.834484
0.473500	4.915080
0.474000	5.006835
0.474500	5.097349
0.475000	5.181045
0.475500	5.256060
0.476000	5.332316
0.476500	5.409811
0.477000	5.478627
0.477500	5.538144
0.478000	5.595801
0.478500	5.646638
0.479000	5.687555
0.479500	5.718554
0.480000	5.747692
0.480500	5.778070
0.481000	5.799769
0.481500	5.812788
0.482000	5.820848
0.482500	5.832007
0.483000	5.835727
0.483500	5.843787
0.484000	5.859286
0.484500	5.881605
0.485000	5.897104
0.485500	5.922522
0.486000	5.962820
0.486500	6.014277
0.487000	6.068834
0.487500	6.140130
0.488000	6.228165
0.488500	6.319300
0.489000	6.422214
0.489500	6.546826
0.490000	6.684459
0.490500	6.831390
0.491000	6.984521
0.491500	7.151292
0.492000	7.336661
0.492500	7.524511
0.493000	7.712980
0.493500	7.900209
0.494000	8.094878
0.494500	8.292027
0.495000	8.482356
0.495500	8.674545
0.496000	8.846275
0.496500	9.006846
0.497000	9.141378
0.497500	9.270331
0.498000	9.378205
0.498500	9.466860
0.499000	9.535676
0.499500	9.582793
0.500000	9.615651
0.500500	9.631150
0.501000	9.617512
0.501500	9.587753
0.502000	9.542496
0.502500	9.483599
0.503000	9.398664
0.503500	9.295750
0.504000	9.188496
0.504500	9.070083
0.505000	8.936790
0.505500	8.790479
0.506000	8.637347
0.506500	8.475536
0.507000	8.298846
0.507500	8.121536
0.508000	7.938647
0.508500	7.755137
0.509000	7.563569
0.509500	7.368900
0.510000	7.177950
0.510500	6.991341
0.511000	6.805972
0.511500	6.629282
0.512000	6.467471
0.512500	6.315580
0.513000	6.176088
0.513500	6.040936
0.514000	5.921282
0.514500	5.812788
0.515000	5.709874
0.515500	5.616879
0.516000	5.533804
0.516500	5.461888
0.517000	5.396172
0.517500	5.337276
0.518000	5.286438
0.518500	5.249860
0.519000	5.212663
0.519500	5.186004
0.520000	5.158726
0.520500	5.138887
0.521000	5.125247
0.521500	5.117188
0.522000	5.109128
0.522500	5.115948
0.523000	5.133307
0.523500	5.142607
0.524000	5.161826
0.524500	5.188484
0.525000	5.225062
0.525500	5.260400
0.526000	5.293258
0.526500	5.327356
0.527000	5.357114
0.527500	5.385013
0.528000	5.415391
0.528500	5.445149
0.529000	5.477387
0.529500	5.517685
0.530000	5.546824
0.530500	5.572862
0.531000	5.615640
0.531500	5.661517
0.532000	5.699335
0.532500	5.747072
0.533000	5.803489
0.533500	5.864865
0.534000	5.926242
0.534500	5.993198
0.535000	6.060154
0.535500	6.135790
0.536000	6.207706
0.536500	6.284582
0.537000	6.362697
0.537500	6.448252
0.538000	6.533187
0.538500	6.627422
0.539000	6.727856
0.539500	6.832630
0.540000	6.933684
0.540500	7.052098
0.541000	7.169271
0.541500	7.300704
0.542000	7.431516
0.542500	7.559229
0.543000	7.690041
0.543500	7.823334
0.544000	7.941127
0.544500	8.053961
0.545000	8.169894
0.545500	8.276527
0.546000	8.376962
0.546500	8.458178
0.547000	8.518934
0.547500	8.569151
0.548000	8.623088
0.548500	8.664005
0.549000	8.684464
0.549500	8.703684
0.550000	8.714843
0.550500	8.712983
0.551000	8.688185
0.551500	8.657187
0.552000	8.621228
0.552500	8.567291
0.553000	8.518934
0.553500	8.445778
0.554000	8.372003
0.554500	8.296367
0.555000	8.203992
0.555500	8.108518
0.556000	8.014283
0.556500	7.911989
0.557000	7.811554
0.557500	7.710500
0.558000	7.600146
0.558500	7.495992
0.559000	7.395558
0.559500	7.290164
0.560000	7.186630
0.560500	7.088675
0.561000	6.998781
0.561500	6.901446
0.562000	6.802252
0.562500	6.716697
0.563000	6.640441
0.563500	6.556126
0.564000	6.478631
0.564500	6.404855
0.565000	6.332319
0.565500	6.265363
0.566000	6.197166
0.566500	6.145090
0.567000	6.097972
0.567500	6.058914
0.568000	6.018617
0.568500	5.983279
0.569000	5.952900
0.569500	5.927482
0.570000	5.910743
0.570500	5.888424
0.571000	5.877885
0.571500	5.869825
0.572000	5.863006
0.572500	5.857426
0.573000	5.845026
0.573500	5.836347
0.574000	5.833247
0.574500	5.828288
0.575000	5.827668
0.575500	5.839447
0.576000	5.849366
0.576500	5.859286
0.577000	5.863006
0.577500	5.874785
0.578000	5.891524
0.578500	5.904543
0.579000	5.909503
0.579500	5.929342
0.580000	5.934921
0.580500	5.942361
0.581000	5.942981
0.581500	5.942981
0.582000	5.939261
0.582500	5.941741
0.583000	5.941121
0.583500	5.940501
0.584000	5.946701
0.584500	5.959100
0.585000	5.976459
0.585500	5.993198
0.586000	6.016137
0.586500	6.047755
0.587000	6.087433
0.587500	6.130830
0.588000	6.179187
0.588500	6.238704
0.589000	6.303180
0.589500	6.370757
0.590000	6.435853
0.590500	6.513349
0.591000	6.601383
0.591500	6.690658
0.592000	6.779313
0.592500	6.871688
0.593000	6.967163
0.593500	7.062637
0.594000	7.156252
0.594500	7.249247
0.595000	7.343481
0.595500	7.443295
0.596000	7.533190
0.596500	7.621225
0.597000	7.702441
0.597500	7.784276
0.598000	7.864872
0.598500	7.929967
0.599000	7.993824
0.599500	8.055820
0.600000	8.111617
0.600500	8.155015
0.601000	8.189113
0.601500	8.218251
0.602000	8.237470
0.602500	8.251729
0.603000	8.254829
0.603500	8.246770
0.604000	8.235610
0.604500	8.218251
0.605000	8.189113
0.605500	8.149435
0.606000	8.102938
0.606500	8.050860
0.607000	7.989484
0.607500	7.921908
0.608000	7.849372
0.608500	7.775597
0.609000	7.698101
0.609500	7.611926
0.610000	7.522031
0.610500	7.430896
0.611000	7.336041
0.611500	7.241807
0.612000	7.143232
0.612500	7.046518
0.613000	6.951044
0.613500	6.858049
0.614000	6.762574
0.614500	6.664620
0.615000	6.571005
0.615500	6.484830
0.616000	6.402995
0.616500	6.319920
0.617000	6.243664
0.617500	6.175467
0.618000	6.114091
0.618500	6.053955
0.619000	5.999398
0.619500	5.946701
0.620000	5.905163
0.620500	5.866725
0.621000	5.833247
0.621500	5.804729
0.622000	5.782410
0.622500	5.766911
0.623000	5.751412
0.623500	5.737153
0.624000	5.728473
0.624500	5.726614
0.625000	5.727233
0.625500	5.730953
0.626000	5.738393
0.626500	5.752032
0.627000	5.770631
0.627500	5.788610
0.628000	5.808449
0.628500	5.834487
0.629000	5.863006
0.629500	5.900823
0.630000	5.928722
0.630500	5.964060
0.631000	6.001878
0.631500	6.042795
0.632000	6.079993
0.632500	6.122151
0.633000	6.168648
0.633500	6.215146
0.634000	6.265983
0.634500	6.313100
0.635000	6.363937
0.635500	6.416014
0.636000	6.469331
0.636500	6.523268
0.637000	6.577825
0.637500	6.633002
0.638000	6.688798
0.638500	6.748935
0.639000	6.812791
0.639500	6.873548
0.640000	6.929345
0.640500	6.994441
0.641000	7.063257
0.641500	7.128353
0.642000	7.192830
0.642500	7.250486
0.643000	7.317442
0.643500	7.379439
0.644000	7.432756
0.644500	7.484213
0.645000	7.536910
0.645500	7.587747
0.646000	7.628045
0.646500	7.665243
0.647000	7.693761
0.647500	7.720419
0.648000	7.745838
0.648500	7.758237
0.649000	7.773117
0.649500	7.777456
0.650000	7.783656
0.650500	7.781796
0.651000	7.776836
0.651500	7.766917
0.652000	7.749558
0.652500	7.733439
0.653000	7.712360
0.653500	7.685081
0.654000	7.651604
0.654500	7.621845
0.655000	7.586507
0.655500	7.548069
0.656000	7.505292
0.656500	7.457554
0.657000	7.411677
0.657500	7.365180
0.658000	7.315583
0.658500	7.264746
0.659000	7.217008
0.659500	7.171751
0.660000	7.124633
0.660500	7.076896
0.661000	7.022959
0.661500	6.978942
0.662000	6.937404
0.662500	6.889047
0.663000	6.848749
0.663500	6.801012
0.664000	6.765054
0.664500	6.722277
0.665000	6.679499
0.665500	6.641061
0.666000	6.601383
0.666500	6.567905
0.667000	6.538147
0.667500	6.507769
0.668000	6.478631
0.668500	6.453212
0.669000	6.428413
0.669500	6.409194
0.670000	6.390595
0.670500	6.367037
0.671000	6.351538
0.671500	6.336658
0.672000	6.325499
0.672500	6.310620
0.673000	6.296981
0.673500	6.283341
0.674000	6.276522
0.674500	6.261643
0.675000	6.253583
0.675500	6.245523
0.676000	6.238084
0.676500	6.232504
0.677000	6.226305
0.677500	6.217005
0.678000	6.213905
0.678500	6.207086
0.679000	6.206466
0.679500	6.207706
0.680000	6.202746
0.680500	6.201506
0.681000	6.199646
0.681500	6.205226
0.682000	6.203986
0.682500	6.203986
0.683000	6.210806
0.683500	6.218865
0.684000	6.231265
0.684500	6.244284
0.685000	6.259163
0.685500	6.278382
0.686000	6.301321
0.686500	6.329839
0.687000	6.357737
0.687500	6.391215
0.688000	6.426553
0.688500	6.463751
0.689000	6.503429
0.689500	6.549926
0.690000	6.590224
0.690500	6.637341
0.691000	6.688798
0.691500	6.740255
0.692000	6.793572
0.692500	6.848129
0.693000	6.902066
0.693500	6.957243
0.694000	7.014280
0.694500	7.068217
0.695000	7.122774
0.695500	7.181670
0.696000	7.232507
0.696500	7.282104
0.697000	7.331082
0.697500	7.376959
0.698000	7.417877
0.698500	7.452595
0.699000	7.488553
0.699500	7.517691
0.700000	7.543110
0.700500	7.564808
0.701000	7.580307
0.701500	7.592707
0.702000	7.598907
0.702500	7.598907
0.703000	7.596426
0.703500	7.585887
0.704000	7.569148
0.704500	7.549929
0.705000	7.525751
0.705500	7.497852
0.706000	7.464994
0.706500	7.429656
0.707000	7.386259
0.707500	7.340381
0.708000	7.293884
0.708500	7.246147
0.709000	7.194069
0.709500	7.145712
0.710000	7.094255
0.710500	7.041558
0.711000	6.987621
0.711500	6.934924
0.712000	6.883467
0.712500	6.837590
0.713000	6.784893
0.713500	6.739016
0.714000	6.694378
0.714500	6.651600
0.715000	6.607583
0.715500	6.572245
0.716000	6.536287
0.716500	6.504669
0.717000	6.474911
0.717500	6.448872
0.718000	6.424074
0.718500	6.407334
0.719000	6.388735
0.719500	6.373857
0.720000	6.362697
0.720500	6.352158
0.721000	6.344098
0.721500	6.340378
0.722000	6.334178
0.722500	6.329219
0.723000	6.328599
0.723500	6.321159
0.724000	6.323019
0.724500	6.323019
0.725000	6.326739
0.725500	6.329219
0.726000	6.331699
0.726500	6.337278
0.727000	6.342858
0.727500	6.348438
0.728000	6.354638
0.728500	6.364557
0.729000	6.376336
0.729500	6.388735
0.730000	6.399275
0.730500	6.415394
0.731000	6.431513
0.731500	6.447012
0.732000	6.460651
0.732500	6.479250
0.733000	6.499089
0.733500	6.522028
0.734000	6.543726
0.734500	6.571005
0.735000	6.595804
0.735500	6.623082
0.736000	6.654080
0.736500	6.681359
0.737000	6.714217
0.737500	6.747075
0.738000	6.778073
0.738500	6.808452
0.739000	6.842550
0.739500	6.876028
0.740000	6.903306
0.740500	6.932445
0.741000	6.965922
0.741500	6.996301
0.742000	7.023579
0.742500	7.048998
0.743000	7.075656
0.743500	7.097975
0.744000	7.119054
0.744500	7.137653
0.745000	7.156252
0.745500	7.175471
0.746000	7.186630
0.746500	7.196549
0.747000	7.207089
0.747500	7.211429
0.748000	7.217008
0.748500	7.215768
0.749000	7.218248
0.749500	7.217008
0.750000	7.214529
0.750500	7.214529
0.751000	7.210809
0.751500	7.206469
0.752000	7.200269
0.752500	7.194069
0.753000	7.186010
0.753500	7.178570
0.754000	7.169891
0.754500	7.160592
0.755000	7.150052
0.755500	7.139513
0.756000	7.129593
0.756500	7.118434
0.757000	7.102315
0.757500	7.090536
0.758000	7.079996
0.758500	7.068217
0.759000	7.056437
0.759500	7.045278
0.760000	7.033499
0.760500	7.021100
0.761000	7.007460
0.761500	6.992581
0.762000	6.980802
0.762500	6.968402
0.763000	6.951663
0.763500	6.939264
0.764000	6.923765
0.764500	6.907646
0.765000	6.889047
0.765500	6.872928
0.766000	6.856809
0.766500	6.839450
0.767000	6.824571
0.767500	6.810311
0.768000	6.793572
0.768500	6.778693
0.769000	6.761954
0.769500	6.749555
0.770000	6.733436
0.770500	6.717937
0.771000	6.703678
0.771500	6.688798
0.772000	6.673919
0.772500	6.659040
0.773000	6.644161
0.773500	6.625562
0.774000	6.606963
0.774500	6.591464
0.775000	6.577825
0.775500	6.561086
0.776000	6.544967
0.776500	6.530707
0.777000	6.515828
0.777500	6.500949
0.778000	6.484830
0.778500	6.473051
0.779000	6.458792
0.779500	6.450112
0.780000	6.435853
0.780500	6.423453
0.781000	6.415394
0.781500	6.406095
0.782000	6.396795
0.782500	6.389976
0.783000	6.388115
0.783500	6.386256
0.784000	6.388115
0.784500	6.394315
0.785000	6.399895
0.785500	6.409814
0.786000	6.420974
0.786500	6.433993
0.787000	6.451972
0.787500	6.470571
0.788000	6.491030
0.788500	6.512728
0.789000	6.538767
0.789500	6.566665
0.790000	6.590224
0.790500	6.619362
0.791000	6.649741
0.791500	6.680739
0.792000	6.711117
0.792500	6.743355
0.793000	6.779313
0.793500	6.808452
0.794000	6.838830
0.794500	6.867348
0.795000	6.894007
0.795500	6.925005
0.796000	6.946704
0.796500	6.969642
0.797000	6.988861
0.797500	7.007460
0.798000	7.022339
0.798500	7.032879
0.799000	7.042178
0.799500	7.052098
0.800000	7.055198
0.800500	7.060777
0.801000	7.064497
0.801500	7.065117
0.802000	7.062637
0.802500	7.062017
0.803000	7.058917
0.803500	7.053957
0.804000	7.048998
0.804500	7.043418
0.805000	7.039078
0.805500	7.030399
0.806000	7.024819
0.806500	7.018000
0.807000	7.008080
0.807500	7.002501
0.808000	6.993821
0.808500	6.990721
0.809000	6.985762
0.809500	6.983282
0.810000	6.978322
0.810500	6.975222
0.811000	6.970263
0.811500	6.967163
0.812000	6.963443
0.812500	6.962203
0.813000	6.958483
0.813500	6.956003
0.814000	6.951044
0.814500	6.947944
0.815000	6.936784
0.815500	6.933064
0.816000	6.925005
0.816500	6.918185
0.817000	6.910746
0.817500	6.900826
0.818000	6.890907
0.818500	6.881608
0.819000	6.868588
0.819500	6.857429
0.820000	6.844409
0.820500	6.827051
0.821000	6.814031
0.821500	6.799772
0.822000	6.784273
0.822500	6.767534
0.823000	6.751415
0.823500	6.730336
0.824000	6.714837
0.824500	6.698718
0.825000	6.685699
0.825500	6.671439
0.826000	6.655940
0.826500	6.645401
0.827000	6.630522
0.827500	6.618123
0.828000	6.608203
0.828500	6.600763
0.829000	6.595804
0.829500	6.587744
0.830000	6.583405
0.830500	6.576585
0.831000	6.573485
0.831500	6.572245
0.832000	6.566045
0.832500	6.565425
0.833000	6.564806
0.833500	6.568525
0.834000	6.571005
0.834500	6.574105
0.835000	6.578444
0.835500	6.584644
0.836000	6.588984
0.836500	6.595184
0.837000	6.604483
0.837500	6.609443
0.838000	6.616262
0.838500	6.623702
0.839000	6.632381
0.839500	6.639821
0.840000	6.644161
0.840500	6.650980
0.841000	6.660280
0.841500	6.670819
0.842000	6.679499
0.842500	6.689418
0.843000	6.702437
0.843500	6.711117
0.844000	6.722897
0.844500	6.735296
0.845000	6.747075
0.845500	6.761954
0.846000	6.773734
0.846500	6.786133
0.847000	6.801632
0.847500	6.815891
0.848000	6.832630
0.848500	6.841929
0.849000	6.859289
0.849500	6.872928
0.850000	6.889667
0.850500	6.907646
0.851000	6.925625
0.851500	6.944224
0.852000	6.960343
0.852500	6.976462
0.853000	6.995061
0.853500	7.011180
0.854000	7.027919
0.854500	7.044658
0.855000	7.059537
0.855500	7.072556
0.856000	7.087436
0.856500	7.100455
0.857000	7.106655
0.857500	7.119054
0.858000	7.128353
0.858500	7.137653
0.859000	7.143852
0.859500	7.151292
0.860000	7.156252
0.860500	7.158731
0.861000	7.159351
0.861500	7.157492
0.862000	7.156252
0.862500	7.151912
0.863000	7.149432
0.863500	7.141993
0.864000	7.135173
0.864500	7.125874
0.865000	7.109134
0.865500	7.094875
0.866000	7.079996
0.866500	7.063877
0.867000	7.047138
0.867500	7.029159
0.868000	7.007460
0.868500	6.988241
0.869000	6.965302
0.869500	6.942364
0.870000	6.919425
0.870500	6.895247
0.871000	6.868588
0.871500	6.843170
0.872000	6.816511
0.872500	6.791092
0.873000	6.765674
0.873500	6.734056
0.874000	6.709257
0.874500	6.682599
0.875000	6.657800
0.875500	6.633622
0.876000	6.607583
0.876500	6.587124
0.877000	6.564186
0.877500	6.542487
0.878000	6.520788
0.878500	6.502809
0.879000	6.484830
0.879500	6.474911
0.880000	6.457551
0.880500	6.445152
0.881000	6.435233
0.881500	6.426553
0.882000	6.414154
0.882500	6.406095
0.883000	6.402375
0.883500	6.400515
0.884000	6.402375
0.884500	6.404234
0.885000	6.409194
0.885500	6.414154
0.886000	6.420974
0.886500	6.429653
0.887000	6.440193
0.887500	6.451352
0.888000	6.464991
0.888500	6.480490
0.889000	6.497229
0.889500	6.511488
0.890000	6.526368
0.890500	6.545587
0.891000	6.563566
0.891500	6.586504
0.892000	6.604483
0.892500	6.624322
0.893000	6.649741
0.893500	6.670819
0.894000	6.690658
0.894500	6.713597
0.895000	6.734676
0.895500	6.759474
0.896000	6.776834
0.896500	6.799152
0.897000	6.821471
0.897500	6.841929
0.898000	6.864248
0.898500	6.878508
0.899000	6.899586
0.899500	6.919425
0.900000	6.938024
0.900500	6.958483
0.901000	6.976462
0.901500	6.997541
0.902000	7.015520
0.902500	7.034119
0.903000	7.050238
0.903500	7.068837
0.904000	7.085576
0.904500	7.099835
0.905000	7.114094
0.905500	7.129593
0.906000	7.140132
0.906500	7.152532
0.907000	7.156252
0.907500	7.166171
0.908000	7.173611
0.908500	7.177950
0.909000	7.183530
0.909500	7.186010
0.910000	7.188490
0.910500	7.189110
0.911000	7.186010
0.911500	7.179811
0.912000	7.176091
0.912500	7.168031
0.913000	7.158112
0.913500	7.146952
0.914000	7.133313
0.914500	7.119054
0.915000	7.100455
0.915500	7.083096
0.916000	7.062017
0.916500	7.041558
0.917000	7.021100
0.917500	6.997541
0.918000	6.977082
0.918500	6.954143
0.919000	6.929965
0.919500	6.907026
0.920000	6.880988
0.920500	6.856189
0.921000	6.833870
0.921500	6.807832
0.922000	6.786133
0.922500	6.761954
0.923000	6.740255
0.923500	6.712357
0.924000	6.691898
0.924500	6.668340
0.925000	6.650980
0.925500	6.633002
0.926000	6.612543
0.926500	6.595804
0.927000	6.579685
0.927500	6.563566
0.928000	6.548067
0.928500	6.533807
0.929000	6.523888
0.929500	6.513968
0.930000	6.498469
0.930500	6.489170
0.931000	6.481110
0.931500	6.472431
0.932000	6.462512
0.932500	6.456312
0.933000	6.451352
0.933500	6.450732
0.934000	6.448252
0.934500	6.448252
0.935000	6.452592
0.935500	6.454452
0.936000	6.459412
0.936500	6.464991
0.937000	6.472431
0.937500	6.481110
0.938000	6.491650
0.938500	6.502809
0.939000	6.518928
0.939500	6.533807
0.940000	6.543726
0.940500	6.562945
0.941000	6.582164
0.941500	6.604483
0.942000	6.624942
0.942500	6.647261
0.943000	6.673299
0.943500	6.696238
0.944000	6.721036
0.944500	6.743355
0.945000	6.770014
0.945500	6.797292
0.946000	6.822711
0.946500	6.849369
0.947000	6.872308
0.947500	6.895866
0.948000	6.921905
0.948500	6.938024
0.949000	6.961583
0.949500	6.982662
0.950000	7.000021
0.950500	7.019239
0.951000	7.038458
0.951500	7.055818
0.952000	7.070697
0.952500	7.083716
0.953000	7.098595
0.953500	7.110374
0.954000	7.120914
0.954500	7.132693
0.955000	7.139513
0.955500	7.146332
0.956000	7.151912
0.956500	7.156872
0.957000	7.154392
0.957500	7.155012
0.958000	7.156872
0.958500	7.156872
0.959000	7.155632
0.959500	7.153772
0.960000	7.148812
0.960500	7.143852
0.961000	7.137033
0.961500	7.127113
0.962000	7.117814
0.962500	7.109755
0.963000	7.097975
0.963500	7.082476
0.964000	7.068837
0.964500	7.052718
0.965000	7.031639
0.965500	7.010560
0.966000	6.990721
0.966500	6.969642
0.967000	6.948564
0.967500	6.925005
0.968000	6.900826
0.968500	6.876647
0.969000	6.852469
0.969500	6.827671
0.970000	6.804112
0.970500	6.776834
0.971000	6.753275
0.971500	6.729716
0.972000	6.704298
0.972500	6.680739
0.973000	6.657180
0.973500	6.633002
0.974000	6.611923
0.974500	6.592084
0.975000	6.574105
0.975500	6.557986
0.976000	6.540627
0.976500	6.527607
0.977000	6.512728
0.977500	6.502189
0.978000	6.491030
0.978500	6.484210
0.979000	6.478631
0.979500	6.473670
0.980000	6.469331
0.980500	6.466851
0.981000	6.463131
0.981500	6.461891
0.982000	6.457551
0.982500	6.460651
0.983000	6.460651
0.983500	6.465611
0.984000	6.469951
0.984500	6.475531
0.985000	6.482970
0.985500	6.489170
0.986000	6.499089
0.986500	6.508389
0.987000	6.517068
0.987500	6.529468
0.988000	6.540627
0.988500	6.551786
0.989000	6.566045
0.989500	6.580925
0.990000	6.590224
0.990500	6.604483
0.991000	6.622462
0.991500	6.639201
0.992000	6.656560
0.992500	6.672679
0.993000	6.697478
0.993500	6.714837
0.994000	6.734056
0.994500	6.753275
0.995000	6.776834
0.995500	6.798532
0.996000	6.818371
0.996500	6.837590
0.997000	6.860528
0.997500	6.880367
0.998000	6.897727
0.998500	6.915085
0.999000	6.933064
0.999500	6.952283
1.000000	6.968402
1.000500	6.984521
1.001000	7.001261
1.001500	7.016140
1.002000	7.029779
1.002500	7.043418
1.003000	7.054577
1.003500	7.064497
1.004000	7.075656
1.004500	7.083096
1.005000	7.088056
1.005500	7.093635
1.006000	7.097355
1.006500	7.099215
1.007000	7.096735
1.007500	7.097355
1.008000	7.096735
1.008500	7.096115
1.009000	7.091156
1.009500	7.086196
1.010000	7.082476
1.010500	7.076896
1.011000	7.068217
1.011500	7.058297
1.012000	7.050858
1.012500	7.040938
1.013000	7.033499
1.013500	7.022339
1.014000	7.011180
1.014500	6.998781
1.015000	6.982042
1.015500	6.968402
1.016000	6.956003
1.016500	6.941124
1.017000	6.927485
1.017500	6.916326
1.018000	6.902686
1.018500	6.890287
1.019000	6.876028
1.019500	6.861769
1.020000	6.848129
1.020500	6.833870
1.021000	6.822091
1.021500	6.808452
1.022000	6.795432
1.022500	6.784273
1.023000	6.772494
1.023500	6.752655
1.024000	6.740875
1.024500	6.730336
1.025000	6.718557
1.025500	6.708637
1.026000	6.695618
1.026500	6.688179
1.027000	6.678259
1.027500	6.666480
1.028000	6.657800
1.028500	6.649741
1.029000	6.643541
1.029500	6.636721
1.030000	6.629902
1.030500	6.621842
1.031000	6.616262
1.031500	6.613783
1.032000	6.604483
1.032500	6.600143
1.033000	6.597663
1.033500	6.596424
1.034000	6.595184
1.034500	6.595804
1.035000	6.598904
1.035500	6.599524
1.036000	6.604483
1.036500	6.610063
1.037000	6.615643
1.037500	6.621842
1.038000	6.628662
1.038500	6.636721
1.039000	6.644781
1.039500	6.654700
1.040000	6.659040
1.040500	6.670819
1.041000	6.682599
1.041500	6.694378
1.042000	6.704917
1.042500	6.716697
1.043000	6.729096
1.043500	6.741496
1.044000	6.752035
1.044500	6.763814
1.045000	6.774354
1.045500	6.789853
1.046000	6.800392
1.046500	6.809072
1.047000	6.817751
1.047500	6.829530
1.048000	6.840070
1.048500	6.844409
1.049000	6.852469
1.049500	6.861148
1.050000	6.866728
1.050500	6.874788
1.051000	6.882847
1.051500	6.890287
1.052000	6.897727
1.052500	6.903306
1.053000	6.911986
1.053500	6.916945
1.054000	6.922525
1.054500	6.928725
1.055000	6.935544
1.055500	6.940504
1.056000	6.948564
1.056500	6.954143
1.057000	6.953523
1.057500	6.960963
1.058000	6.964683
1.058500	6.969642
1.059000	6.969642
1.059500	6.976462
1.060000	6.981421
1.060500	6.982042
1.061000	6.982662
1.061500	6.983282
1.062000	6.982662
1.062500	6.985762
1.063000	6.980802
1.063500	6.977702
1.064000	6.974602
1.064500	6.972122
1.065000	6.960343
1.065500	6.954143
1.066000	6.945464
1.066500	6.935544
1.067000	6.928105
1.067500	6.918805
1.068000	6.907646
1.068500	6.898346
1.069000	6.887187
1.069500	6.877888
1.070000	6.863008
1.070500	6.853089
1.071000	6.841310
1.071500	6.828910
1.072000	6.817131
1.072500	6.804732
1.073000	6.794192
1.073500	6.779313
1.074000	6.769394
1.074500	6.756995
1.075000	6.747695
1.075500	6.740875
1.076000	6.727856
1.076500	6.724136
1.077000	6.711737
1.077500	6.703678
1.078000	6.694998
1.078500	6.687559
1.079000	6.681979
1.079500	6.677019
1.080000	6.668340
1.080500	6.661520
1.081000	6.654700
1.081500	6.651600
1.082000	6.640441
1.082500	6.633622
1.083000	6.629902
1.083500	6.625562
1.084000	6.621222
1.084500	6.618742
1.085000	6.615643
1.085500	6.613163
1.086000	6.612543
1.086500	6.612543
1.087000	6.609443
1.087500	6.611923
1.088000	6.611303
1.088500	6.614403
1.089000	6.616262
1.089500	6.621222
1.090000	6.619982
1.090500	6.624322
1.091000	6.631762
1.091500	6.639201
1.092000	6.646021
1.092500	6.655320
1.093000	6.664000
1.093500	6.673299
1.094000	6.682599
1.094500	6.691278
1.095000	6.702437
1.095500	6.716077
1.096000	6.724756
1.096500	6.736536
1.097000	6.747075
1.097500	6.757615
1.098000	6.770014
1.098500	6.773734
1.099000	6.784893
1.099500	6.793572
1.100000	6.802252
1.100500	6.813411
1.101000	6.822091
1.101500	6.831390
1.102000	6.840070
1.102500	6.847509
1.103000	6.854329
1.103500	6.864248
1.104000	6.872308
1.104500	6.877888
1.105000	6.887807
1.105500	6.893387
1.106000	6.902066
1.106500	6.908886
1.107000	6.911986
1.107500	6.918185
1.108000	6.927485
1.108500	6.934304
1.109000	6.938024
1.109500	6.948564
1.110000	6.954763
1.110500	6.962203
1.111000	6.967782
1.111500	6.972742
1.112000	6.980182
1.112500	6.987001
1.113000	6.990721
1.113500	6.996921
1.114000	6.998781
1.114500	7.000640
1.115000	7.000021
1.115500	7.000021
1.116000	7.000640
1.116500	7.000021
1.117000	6.998161
1.117500	6.996301
1.118000	6.992581
1.118500	6.990721
1.119000	6.986382
1.119500	6.981421
1.120000	6.973982
1.120500	6.967163
1.121000	6.960963
1.121500	6.954143
1.122000	6.946084
1.122500	6.936784
1.123000	6.928725
1.123500	6.916326
1.124000	6.906406
1.124500	6.898346
1.125000	6.887807
1.125500	6.882847
1.126000	6.870448
1.126500	6.861148
1.127000	6.851849
1.127500	6.841310
1.128000	6.830770
1.128500	6.822711
1.129000	6.816511
1.129500	6.807212
1.130000	6.796052
1.130500	6.785513
1.131000	6.776834
1.131500	6.766914
1.132000	6.752655
1.132500	6.742735
1.133000	6.731576
1.133500	6.722277
1.134000	6.712977
1.134500	6.704917
1.135000	6.694998
1.135500	6.685079
1.136000	6.677639
1.136500	6.670199
1.137000	6.662140
1.137500	6.654700
1.138000	6.646641
1.138500	6.640441
1.139000	6.636101
1.139500	6.631142
1.140000	6.621842
1.140500	6.618123
1.141000	6.616882
1.141500	6.615023
1.142000	6.613783
1.142500	6.612543
1.143000	6.614403
1.143500	6.619362
1.144000	6.621222
1.144500	6.623082
1.145000	6.629282
1.145500	6.639201
1.146000	6.643541
1.146500	6.649121
1.147000	6.659660
1.147500	6.667719
1.148000	6.676399
1.148500	6.683218
1.149000	6.693138
1.149500	6.702437
1.150000	6.713597
1.150500	6.726616
1.151000	6.737776
1.151500	6.752035
1.152000	6.765674
1.152500	6.781173
1.153000	6.791713
1.153500	6.807832
1.154000	6.820231
1.154500	6.832630
1.155000	6.848129
1.155500	6.861148
1.156000	6.873548
1.156500	6.887187
1.157000	6.896487
1.157500	6.905166
1.158000	6.918805
1.158500	6.932445
1.159000	6.939884
1.159500	6.954763
1.160000	6.964063
1.160500	6.973362
1.161000	6.981421
1.161500	6.988861
1.162000	6.995681
1.162500	7.003740
1.163000	7.008080
1.163500	7.012420
1.164000	7.014900
1.164500	7.016760
1.165000	7.013040
1.165500	7.013040
1.166000	7.009320
1.166500	7.004981
1.167000	7.003740
1.167500	6.997541
1.168000	6.991961
1.168500	6.985762
1.169000	6.977082
1.169500	6.968402
1.170000	6.957863
1.170500	6.945464
1.171000	6.936784
1.171500	6.924385
1.172000	6.912606
1.172500	6.897727
1.173000	6.885327
1.173500	6.864248
1.174000	6.851229
1.174500	6.835730
1.175000	6.820851
1.175500	6.807212
1.176000	6.791713
1.176500	6.776834
1.177000	6.762574
1.177500	6.746455
1.178000	6.732196
1.178500	6.717317
1.179000	6.704917
1.179500	6.694378
1.180000	6.678879
1.180500	6.668340
1.181000	6.656560
1.181500	6.644161
1.182000	6.630522
1.182500	6.620602
1.183000	6.611923
1.183500	6.602004
1.184000	6.595804
1.184500	6.588984
1.185000	6.585884
1.185500	6.579685
1.186000	6.577205
1.186500	6.575345
1.187000	6.574725
1.187500	6.571005
1.188000	6.573485
1.188500	6.573485
1.189000	6.577205
1.189500	6.580305
1.190000	6.577825
1.190500	6.581544
1.191000	6.588984
1.191500	6.595804
1.192000	6.602623
1.192500	6.610683
1.193000	6.621222
1.193500	6.630522
1.194000	6.639201
1.194500	6.650361
1.195000	6.659040
1.195500	6.676399
1.196000	6.686938
1.196500	6.696238
1.197000	6.709257
1.197500	6.720417
1.198000	6.732816
1.198500	6.742735
1.199000	6.755754
1.199500	6.770634
1.200000	6.780553
1.200500	6.794812
1.201000	6.809072
1.201500	6.822091
1.202000	6.833870
1.202500	6.848749
1.203000	6.863008
1.203500	6.876028
1.204000	6.889047
1.204500	6.900826
1.205000	6.912606
1.205500	6.926245
1.206000	6.939264
1.206500	6.948564
1.207000	6.957243
1.207500	6.968402
1.208000	6.978942
1.208500	6.987621
1.209000	6.998161
1.209500	7.006840
1.210000	7.016140
1.210500	7.022339
1.211000	7.026679
1.211500	7.031639
1.212000	7.037219
1.212500	7.040938
1.213000	7.044038
1.213500	7.044038
1.214000	7.043418
1.214500	7.044658
1.215000	7.037838
1.215500	7.033499
1.216000	7.030399
1.216500	7.024819
1.217000	7.017380
1.217500	7.011180
1.218000	7.005600
1.218500	6.998781
1.219000	6.989481
1.219500	6.978322
1.220000	6.969022
1.220500	6.958483
1.221000	6.947944
1.221500	6.937404
1.222000	6.925625
1.222500	6.915085
1.223000	6.903926
1.223500	6.887807
1.224000	6.876028
1.224500	6.864248
1.225000	6.853709
1.225500	6.843790
1.226000	6.828910
1.226500	6.820231
1.227000	6.807832
1.227500	6.795432
1.228000	6.783653
1.228500	6.774354
1.229000	6.764434
1.229500	6.754515
1.230000	6.741496
1.230500	6.729716
1.231000	6.721656
1.231500	6.711117
1.232000	6.696238
1.232500	6.685699
1.233000	6.677019
1.233500	6.665860
1.234000	6.657180
1.234500	6.648501
1.235000	6.641681
1.235500	6.633002
1.236000	6.626182
1.236500	6.623082
1.237000	6.617503
1.237500	6.614403
1.238000	6.613163
1.238500	6.608823
1.239000	6.609443
1.239500	6.610063
1.240000	6.605723
1.240500	6.608203
1.241000	6.613783
1.241500	6.616882
1.242000	6.623702
1.242500	6.631762
1.243000	6.639201
1.243500	6.648501
1.244000	6.658420
1.244500	6.667719
1.245000	6.675779
1.245500	6.694378
1.246000	6.701818
1.246500	6.712357
1.247000	6.725996
1.247500	6.739016
1.248000	6.753895
1.248500	6.759474
1.249000	6.770014
1.249500	6.785513
1.250000	6.794192
1.250500	6.805972
1.251000	6.816511
1.251500	6.828910
1.252000	6.839450
1.252500	6.849369
1.253000	6.858669
1.253500	6.867968
1.254000	6.876647
1.254500	6.884087
1.255000	6.893387
1.255500	6.899586
1.256000	6.907026
1.256500	6.913846
1.257000	6.917565
1.257500	6.920665
1.258000	6.926865
1.258500	6.930584
1.259000	6.932445
1.259500	6.936784
1.260000	6.938644
1.260500	6.943604
1.261000	6.944224
1.261500	6.944844
1.262000	6.943604
1.262500	6.945464
1.263000	6.944844
1.263500	6.940504
1.264000	6.936784
1.264500	6.934304
1.265000	6.925625
1.265500	6.918185
1.266000	6.911986
1.266500	6.903926
1.267000	6.894627
1.267500	6.886567
1.268000	6.878508
1.268500	6.869208
1.269000	6.859909
1.269500	6.848749
1.270000	6.839450
1.270500	6.828290
1.271000	6.817131
1.271500	6.805972
1.272000	6.797912
1.272500	6.787993
1.273000	6.777453
1.273500	6.765674
1.274000	6.755135
1.274500	6.747695
1.275000	6.739635
1.275500	6.735916
1.276000	6.727236
1.276500	6.725376
1.277000	6.720417
1.277500	6.718557
1.278000	6.711737
1.278500	6.712357
1.279000	6.713597
1.279500	6.712357
1.280000	6.711737
1.280500	6.709877
1.281000	6.713597
1.281500	6.713597
1.282000	6.711737
1.282500	6.713597
1.283000	6.715457
1.283500	6.717317
1.284000	6.720417
1.284500	6.722277
1.285000	6.727236
1.285500	6.729716
1.286000	6.734676
1.286500	6.737776
1.287000	6.740875
1.287500	6.745835
1.288000	6.748315
1.288500	6.751415
1.289000	6.755754
1.289500	6.760094
1.290000	6.760094
1.290500	6.761954
1.291000	6.766914
1.291500	6.773114
1.292000	6.777453
1.292500	6.782413
1.293000	6.788613
1.293500	6.793572
1.294000	6.797292
1.294500	6.802872
1.295000	6.809691
1.295500	6.816511
1.296000	6.821471
1.296500	6.826430
1.297000	6.830150
1.297500	6.835730
1.298000	6.842550
1.298500	6.840690
1.299000	6.844409
1.299500	6.849369
1.300000	6.851229
1.300500	6.855569
1.301000	6.859289
1.301500	6.860528
1.302000	6.866108
1.302500	6.867968
1.303000	6.869828
1.303500	6.871068
1.304000	6.872928
1.304500	6.871688
1.305000	6.872308
1.305500	6.872928
1.306000	6.874168
1.306500	6.874788
1.307000	6.869828
1.307500	6.869208
1.308000	6.868588
1.308500	6.867968
1.309000	6.863628
1.309500	6.867968
1.310000	6.866108
1.310500	6.865489
1.311000	6.863008
1.311500	6.861148
1.312000	6.861148
1.312500	6.860528
1.313000	6.861769
1.313500	6.858669
1.314000	6.854949
1.314500	6.856189
1.315000	6.849989
1.315500	6.846889
1.316000	6.845029
1.316500	6.841310
1.317000	6.841310
1.317500	6.841310
1.318000	6.838830
1.318500	6.835730
1.319000	6.833870
1.319500	6.832010
1.320000	6.829530
1.320500	6.827671
1.321000	6.825810
1.321500	6.823331
1.322000	6.822711
1.322500	6.818991
1.323000	6.814651
1.323500	6.808452
1.324000	6.804732
1.324500	6.802872
1.325000	6.800392
1.325500	6.799152
1.326000	6.794192
1.326500	6.792953
1.327000	6.792333
1.327500	6.788613
1.328000	6.785513
1.328500	6.782413
1.329000	6.784273
1.329500	6.779313
1.330000	6.774973
1.330500	6.774354
1.331000	6.771873
1.331500	6.769394
1.332000	6.761334
1.332500	6.759474
1.333000	6.757615
1.333500	6.754515
1.334000	6.751415
1.334500	6.749555
1.335000	6.750175
1.335500	6.748935
1.336000	6.746455
1.336500	6.745835
1.337000	6.746455
1.337500	6.747075
1.338000	6.746455
1.338500	6.747075
1.339000	6.745835
1.339500	6.748935
1.340000	6.745215
1.340500	6.745215
1.341000	6.746455
1.341500	6.750175
1.342000	6.752035
1.342500	6.753275
1.343000	6.759474
1.343500	6.760094
1.344000	6.763814
1.344500	6.766294
1.345000	6.768154
1.345500	6.774354
1.346000	6.776834
1.346500	6.777453
1.347000	6.781173
1.347500	6.783033
1.348000	6.784893
1.348500	6.783653
1.349000	6.784893
1.349500	6.785513
1.350000	6.786753
1.350500	6.787373
1.351000	6.787993
1.351500	6.790473
1.352000	6.792333
1.352500	6.792953
1.353000	6.795432
1.353500	6.794812
1.354000	6.796052
1.354500	6.796052
1.355000	6.797912
1.355500	6.797912
1.356000	6.798532
1.356500	6.799152
1.357000	6.796052
1.357500	6.796052
1.358000	6.797912
1.358500	6.798532
1.359000	6.799772
1.359500	6.801632
1.360000	6.801632
1.360500	6.803492
1.361000	6.802252
1.361500	6.804732
1.362000	6.807832
1.362500	6.805972
1.363000	6.810931
1.363500	6.809691
1.364000	6.810931
1.364500	6.812171
1.365000	6.810311
1.365500	6.810311
1.366000	6.809691
1.366500	6.810931
1.367000	6.812171
1.367500	6.811552
1.368000	6.810931
1.368500	6.814651
1.369000	6.815271
1.369500	6.816511
1.370000	6.818371
1.370500	6.820851
1.371000	6.821471
1.371500	6.823331
1.372000	6.826430
1.372500	6.828290
1.373000	6.832630
1.373500	6.829530
1.374000	6.833250
1.374500	6.838210
1.375000	6.839450
1.375500	6.845649
1.376000	6.845029
1.376500	6.849989
1.377000	6.853709
1.377500	6.858049
1.378000	6.859909
1.378500	6.862389
1.379000	6.869208
1.379500	6.872308
1.380000	6.870448
1.380500	6.873548
1.381000	6.873548
1.381500	6.873548
1.382000	6.869828
1.382500	6.870448
1.383000	6.869208
1.383500	6.867968
1.384000	6.863628
1.384500	6.864248
1.385000	6.861148
1.385500	6.856809
1.386000	6.855569
1.386500	6.851229
1.387000	6.846889
1.387500	6.844409
1.388000	6.840070
1.388500	6.835730
1.389000	6.832630
1.389500	6.828910
1.390000	6.820231
1.390500	6.813411
1.391000	6.812171
1.391500	6.807832
1.392000	6.803492
1.392500	6.801632
1.393000	6.800392
1.393500	6.798532
1.394000	6.792953
1.394500	6.789853
1.395000	6.785513
1.395500	6.789233
1.396000	6.782413
1.396500	6.781173
1.397000	6.775593
1.397500	6.773734
1.398000	6.771254
1.398500	6.765054
1.399000	6.760715
1.399500	6.757615
1.400000	6.753895
1.400500	6.751415
1.401000	6.750795
1.401500	6.748935
1.402000	6.747695
1.402500	6.746455
1.403000	6.747075
1.403500	6.744595
1.404000	6.742735
1.404500	6.743355
1.405000	6.743355
1.405500	6.745835
1.406000	6.747075
1.406500	6.748935
1.407000	6.748935
1.407500	6.749555
1.408000	6.755135
1.408500	6.758235
1.409000	6.761954
1.409500	6.770634
1.410000	6.776834
1.410500	6.781793
1.411000	6.787993
1.411500	6.791713
1.412000	6.800392
1.412500	6.805972
1.413000	6.815271
1.413500	6.821471
1.414000	6.827051
1.414500	6.835730
1.415000	6.836350
1.415500	6.841929
1.416000	6.849369
1.416500	6.854329
1.417000	6.857429
1.417500	6.864248
1.418000	6.865489
1.418500	6.872308
1.419000	6.874788
1.419500	6.876028
1.420000	6.879128
1.420500	6.880988
1.421000	6.881608
1.421500	6.882227
1.422000	6.882227
1.422500	6.882227
1.423000	6.882227
1.423500	6.877888
1.424000	6.876028
1.424500	6.873548
1.425000	6.873548
1.425500	6.874788
1.426000	6.870448
1.426500	6.871068
1.427000	6.865489
1.427500	6.865489
1.428000	6.860528
1.428500	6.858669
1.429000	6.860528
1.429500	6.857429
1.430000	6.851849
1.430500	6.847509
1.431000	6.846270
1.431500	6.841929
1.432000	6.833250
1.432500	6.828910
1.433000	6.825810
1.433500	6.820851
1.434000	6.816511
1.434500	6.809691
1.435000	6.809072
1.435500	6.802872
1.436000	6.799152
1.436500	6.794812
1.437000	6.788613
1.437500	6.785513
1.438000	6.779933
1.438500	6.774973
1.439000	6.770634
1.439500	6.768154
1.440000	6.756995
1.440500	6.752655
1.441000	6.748935
1.441500	6.745835
1.442000	6.742735
1.442500	6.737776
1.443000	6.736536
1.443500	6.730956
1.444000	6.730336
1.444500	6.728476
1.445000	6.723516
1.445500	6.725996
1.446000	6.724136
1.446500	6.721036
1.447000	6.721036
1.447500	6.718557
1.448000	6.721036
1.448500	6.713597
1.449000	6.714837
1.449500	6.712357
1.450000	6.711117
1.450500	6.712977
1.451000	6.713597
1.451500	6.716697
1.452000	6.716697
1.452500	6.717317
1.453000	6.719797
1.453500	6.721036
1.454000	6.722897
1.454500	6.725376
1.455000	6.729096
1.455500	6.732196
1.456000	6.734056
1.456500	6.739016
1.457000	6.737155
1.457500	6.741496
1.458000	6.745215
1.458500	6.750795
1.459000	6.753895
1.459500	6.764434
1.460000	6.769394
1.460500	6.775593
1.461000	6.778073
1.461500	6.786133
1.462000	6.794192
1.462500	6.799152
1.463000	6.809072
1.463500	6.814651
1.464000	6.821471
1.464500	6.828910
1.465000	6.832630
1.465500	6.837590
1.466000	6.843170
1.466500	6.849369
1.467000	6.855569
1.467500	6.862389
1.468000	6.866108
1.468500	6.872928
1.469000	6.876647
1.469500	6.880367
1.470000	6.886567
1.470500	6.887187
1.471000	6.892147
1.471500	6.895866
1.472000	6.897727
1.472500	6.900207
1.473000	6.900826
1.473500	6.897107
1.474000	6.897727
1.474500	6.897727
1.475000	6.898966
1.475500	6.898346
1.476000	6.894007
1.476500	6.895247
1.477000	6.894627
1.477500	6.891527
1.478000	6.887807
1.478500	6.884707
1.479000	6.883467
1.479500	6.879128
1.480000	6.875408
1.480500	6.869208
1.481000	6.864868
1.481500	6.859909
1.482000	6.850609
1.482500	6.843790
1.483000	6.838830
1.483500	6.831390
1.484000	6.826430
1.484500	6.820231
1.485000	6.815891
1.485500	6.808452
1.486000	6.802252
1.486500	6.797292
1.487000	6.791092
1.487500	6.787993
1.488000	6.781173
1.488500	6.773114
1.489000	6.770014
1.489500	6.761954
1.490000	6.755135
1.490500	6.750795
1.491000	6.743975
1.491500	6.740875
1.492000	6.737776
1.492500	6.734056
1.493000	6.732196
1.493500	6.730956
1.494000	6.728476
1.494500	6.725376
1.495000	6.722897
1.495500	6.727236
1.496000	6.723516
1.496500	6.723516
1.497000	6.724136
1.497500	6.725376
1.498000	6.727856
1.498500	6.722897
1.499000	6.726616
1.499500	6.727236
1.500000	6.729716
1.500500	6.732816
1.501000	6.739016
1.501500	6.743355
1.502000	6.748935
1.502500	6.754515
1.503000	6.759474
1.503500	6.765674
1.504000	6.772494
1.504500	6.776834
1.505000	6.787373
1.505500	6.792333
1.506000	6.798532
1.506500	6.807212
1.507000	6.810311
1.507500	6.817131
1.508000	6.824571
1.508500	6.834490
1.509000	6.839450
1.509500	6.849989
1.510000	6.855569
1.510500	6.860528
1.511000	6.867348
1.511500	6.873548
1.512000	6.877268
1.512500	6.882847
1.513000	6.889047
1.513500	6.892767
1.514000	6.894627
1.514500	6.897107
1.515000	6.895247
1.515500	6.894627
1.516000	6.895247
1.516500	6.895247
1.517000	6.895247
1.517500	6.893387
1.518000	6.892767
1.518500	6.894007
1.519000	6.891527
1.519500	6.886567
1.520000	6.886567
1.520500	6.884087
1.521000	6.882227
1.521500	6.875408
1.522000	6.876647
1.522500	6.871688
1.523000	6.870448
1.523500	6.861148
1.524000	6.858669
1.524500	6.855569
1.525000	6.853709
1.525500	6.853709
1.526000	6.845649
1.526500	6.847509
1.527000	6.844409
1.527500	6.840690
1.528000	6.836350
1.528500	6.833250
1.529000	6.833870
1.529500	6.830150
1.530000	6.825191
1.530500	6.820851
1.531000	6.817751
1.531500	6.814651
1.532000	6.802872
1.532500	6.799152
1.533000	6.795432
1.533500	6.790473
1.534000	6.786133
1.534500	6.781173
1.535000	6.778073
1.535500	6.771873
1.536000	6.768774
1.536500	6.763814
1.537000	6.759474
1.537500	6.755754
1.538000	6.752035
1.538500	6.749555
1.539000	6.747695
1.539500	6.743975
1.540000	6.736536
1.540500	6.734676
1.541000	6.732816
1.541500	6.732196
1.542000	6.729716
1.542500	6.730336
1.543000	6.732196
1.543500	6.732816
1.544000	6.731576
1.544500	6.733436
1.545000	6.734676
1.545500	6.740255
1.546000	6.740255
1.546500	6.742115
1.547000	6.744595
1.547500	6.745835
1.548000	6.749555
1.548500	6.748315
1.549000	6.749555
1.549500	6.752035
1.550000	6.753275
1.550500	6.755754
1.551000	6.759474
1.551500	6.761334
1.552000	6.766294
1.552500	6.766914
1.553000	6.770634
1.553500	6.773114
1.554000	6.774354
1.554500	6.778073
1.555000	6.780553
1.555500	6.785513
1.556000	6.787373
1.556500	6.788613
1.557000	6.786753
1.557500	6.792333
1.558000	6.792953
1.558500	6.797292
1.559000	6.799772
1.559500	6.804732
1.560000	6.809691
1.560500	6.812171
1.561000	6.815271
1.561500	6.820231
1.562000	6.822711
1.562500	6.829530
1.563000	6.830150
1.563500	6.833250
1.564000	6.837590
1.564500	6.838210
1.565000	6.840070
1.565500	6.840070
1.566000	6.842550
1.566500	6.843170
1.567000	6.844409
1.567500	6.846889
1.568000	6.847509
1.568500	6.849369
1.569000	6.846889
1.569500	6.847509
1.570000	6.846889
1.570500	6.846270
1.571000	6.845649
1.571500	6.845029
1.572000	6.844409
1.572500	6.841310
1.573000	6.841310
1.573500	6.833250
1.574000	6.830150
1.574500	6.830150
1.575000	6.828910
1.575500	6.827051
1.576000	6.822091
1.576500	6.821471
1.577000	6.818371
1.577500	6.816511
1.578000	6.815891
1.578500	6.811552
1.579000	6.814031
1.579500	6.812171
1.580000	6.807832
1.580500	6.806592
1.581000	6.803492
1.581500	6.801632
1.582000	6.794192
1.582500	6.792333
1.583000	6.789853
1.583500	6.789233
1.584000	6.786753
1.584500	6.784273
1.585000	6.783653
1.585500	6.780553
1.586000	6.779933
1.586500	6.779313
1.587000	6.778073
1.587500	6.778073
1.588000	6.778073
1.588500	6.776834
1.589000	6.776834
1.589500	6.777453
1.590000	6.774973
1.590500	6.774354
1.591000	6.776834
1.591500	6.778693
1.592000	6.778693
1.592500	6.781173
1.593000	6.784273
1.593500	6.785513
1.594000	6.790473
1.594500	6.789853
1.595000	6.794192
1.595500	6.802872
1.596000	6.802252
1.596500	6.807212
1.597000	6.810931
1.597500	6.812791
1.598000	6.817131
1.598500	6.816511
1.599000	6.822091
1.599500	6.823331
1.600000	6.827671
1.600500	6.831390
1.601000	6.835110
1.601500	6.838830
1.602000	6.840690
1.602500	6.845029
1.603000	6.847509
1.603500	6.849989
1.604000	6.851849
1.604500	6.854949
1.605000	6.858049
1.605500	6.857429
1.606000	6.860528
1.606500	6.861148
1.607000	6.858049
1.607500	6.856189
1.608000	6.857429
1.608500	6.856189
1.609000	6.854949
1.609500	6.858669
1.610000	6.856189
1.610500	6.856189
1.611000	6.850609
1.611500	6.850609
1.612000	6.848749
1.612500	6.848749
1.613000	6.845029
1.613500	6.842550
1.614000	6.840070
1.614500	6.836970
1.615000	6.828910
1.615500	6.825191
1.616000	6.822091
1.616500	6.815271
1.617000	6.812791
1.617500	6.809072
1.618000	6.807212
1.618500	6.803492
1.619000	6.799152
1.619500	6.794812
1.620000	6.792333
1.620500	6.789853
1.621000	6.787373
1.621500	6.783653
1.622000	6.781793
1.622500	6.778693
1.623000	6.778073
1.623500	6.771873
1.624000	6.768774
1.624500	6.769394
1.625000	6.768154
1.625500	6.773114
1.626000	6.768774
1.626500	6.771873
1.627000	6.770634
1.627500	6.772494
1.628000	6.773114
1.628500	6.772494
1.629000	6.777453
1.629500	6.776834
1.630000	6.778693
1.630500	6.780553
1.631000	6.781793
1.631500	6.783033
1.632000	6.780553
1.632500	6.781793
1.633000	6.782413
1.633500	6.784273
1.634000	6.787373
1.634500	6.787373
1.635000	6.789853
1.635500	6.791092
1.636000	6.791713
1.636500	6.793572
1.637000	6.794192
1.637500	6.796052
1.638000	6.795432
1.638500	6.797912
1.639000	6.796672
1.639500	6.799772
1.640000	6.796052
1.640500	6.797292
1.641000	6.797912
1.641500	6.797292
1.642000	6.799772
1.642500	6.797912
1.643000	6.801012
1.643500	6.801632
1.644000	6.802872
1.644500	6.801632
1.645000	6.802252
1.645500	6.805972
1.646000	6.804112
1.646500	6.804112
1.647000	6.804732
1.647500	6.805352
1.648000	6.805972
1.648500	6.799772
1.649000	6.799772
1.649500	6.798532
1.650000	6.797292
1.650500	6.796052
1.651000	6.796672
1.651500	6.797292
1.652000	6.798532
1.652500	6.796672
1.653000	6.794192
1.653500	6.792953
1.654000	6.794192
1.654500	6.793572
1.655000	6.795432
1.655500	6.792333
1.656000	6.791713
1.656500	6.791713
1.657000	6.787373
1.657500	6.787993
1.658000	6.786133
1.658500	6.786133
1.659000	6.783033
1.659500	6.787373
1.660000	6.786133
1.660500	6.787993
1.661000	6.789233
1.661500	6.789233
1.662000	6.789233
1.662500	6.790473
1.663000	6.791713
1.663500	6.792953
1.664000	6.794192
1.664500	6.791713
1.665000	6.791713
1.665500	6.791092
1.666000	6.791713
1.666500	6.790473
1.667000	6.792953
1.667500	6.792953
1.668000	6.795432
1.668500	6.798532
1.669000	6.796672
1.669500	6.800392
1.670000	6.801012
1.670500	6.803492
1.671000	6.805972
1.671500	6.808452
1.672000	6.810311
1.672500	6.813411
1.673000	6.814031
1.673500	6.813411
1.674000	6.815891
1.674500	6.818371
1.675000	6.822711
1.675500	6.827671
1.676000	6.826430
1.676500	6.832630
1.677000	6.835110
1.677500	6.836350
1.678000	6.838830
1.678500	6.840070
1.679000	6.844409
1.679500	6.847509
1.680000	6.847509
1.680500	6.851229
1.681000	6.853089
1.681500	6.853089
1.682000	6.848749
1.682500	6.846889
1.683000	6.848749
1.683500	6.849369
1.684000	6.848129
1.684500	6.847509
1.685000	6.848129
1.685500	6.846270
1.686000	6.846270
1.686500	6.845029
1.687000	6.842550
1.687500	6.842550
1.688000	6.840070
1.688500	6.838830
1.689000	6.838210
1.689500	6.838210
1.690000	6.831390
1.690500	6.830770
1.691000	6.828910
1.691500	6.828290
1.692000	6.827051
1.692500	6.825191
1.693000	6.825810
1.693500	6.822091
1.694000	6.822091
1.694500	6.819611
1.695000	6.817131
1.695500	6.816511
1.696000	6.815891
1.696500	6.813411
1.697000	6.809072
1.697500	6.805352
1.698000	6.802872
1.698500	6.795432
1.699000	6.791713
1.699500	6.788613
1.700000	6.783033
1.700500	6.778693
1.701000	6.774354
1.701500	6.773114
1.702000	6.766914
1.702500	6.764434
1.703000	6.761334
1.703500	6.758235
1.704000	6.753895
1.704500	6.751415
1.705000	6.748935
1.705500	6.747695
1.706000	6.743975
1.706500	6.743975
1.707000	6.737155
1.707500	6.736536
1.708000	6.735916
1.708500	6.737776
1.709000	6.735296
1.709500	6.739016
1.710000	6.739016
1.710500	6.742735
1.711000	6.742735
1.711500	6.743355
1.712000	6.748315
1.712500	6.749555
1.713000	6.753275
1.713500	6.758235
1.714000	6.761954
1.714500	6.765674
1.715000	6.765674
1.715500	6.768154
1.716000	6.772494
1.716500	6.777453
1.717000	6.778693
1.717500	6.786133
1.718000	6.789853
1.718500	6.796672
1.719000	6.797912
1.719500	6.803492
1.720000	6.807832
1.720500	6.813411
1.721000	6.817131
1.721500	6.822091
1.722000	6.827671
1.722500	6.830770
1.723000	6.835110
1.723500	6.836970
1.724000	6.840690
1.724500	6.846270
1.725000	6.849989
1.725500	6.857429
1.726000	6.859909
1.726500	6.866728
1.727000	6.867968
1.727500	6.871688
1.728000	6.874788
1.728500	6.877888
1.729000	6.884087
1.729500	6.888427
1.730000	6.885327
1.730500	6.889667
1.731000	6.889667
1.731500	6.892147
1.732000	6.887187
1.732500	6.885327
1.733000	6.884087
1.733500	6.881608
1.734000	6.878508
1.734500	6.875408
1.735000	6.872928
1.735500	6.868588
1.736000	6.865489
1.736500	6.862389
1.737000	6.853709
1.737500	6.852469
1.738000	6.844409
1.738500	6.838210
1.739000	6.831390
1.739500	6.825191
1.740000	6.814031
1.740500	6.806592
1.741000	6.800392
1.741500	6.794192
1.742000	6.785513
1.742500	6.780553
1.743000	6.773114
1.743500	6.769394
1.744000	6.763194
1.744500	6.756374
1.745000	6.750795
1.745500	6.749555
1.746000	6.745835
1.746500	6.741496
1.747000	6.736536
1.747500	6.733436
1.748000	6.730956
1.748500	6.723516
1.749000	6.720417
1.749500	6.720417
1.750000	6.718557
1.750500	6.717317
1.751000	6.717937
1.751500	6.717937
1.752000	6.717937
1.752500	6.717937
1.753000	6.721036
1.753500	6.722897
1.754000	6.725376
1.754500	6.727236
1.755000	6.730956
1.755500	6.734676
1.756000	6.739635
1.756500	6.742115
1.757000	6.743355
1.757500	6.748935
1.758000	6.753895
1.758500	6.759474
1.759000	6.763194
1.759500	6.773114
1.760000	6.778693
1.760500	6.786133
1.761000	6.791092
1.761500	6.799772
1.762000	6.805972
1.762500	6.809072
1.763000	6.818991
1.763500	6.825810
1.764000	6.830770
1.764500	6.838830
1.765000	6.841310
1.765500	6.844409
1.766000	6.850609
1.766500	6.855569
1.767000	6.859289
1.767500	6.865489
1.768000	6.869208
1.768500	6.875408
1.769000	6.878508
1.769500	6.882227
1.770000	6.884707
1.770500	6.889047
1.771000	6.892147
1.771500	6.893387
1.772000	6.897107
1.772500	6.898346
1.773000	6.898346
1.773500	6.896487
1.774000	6.895866
1.774500	6.895866
1.775000	6.899586
1.775500	6.900207
1.776000	6.895247
1.776500	6.897107
1.777000	6.894007
1.777500	6.893387
1.778000	6.892147
1.778500	6.888427
1.779000	6.889667
1.779500	6.884707
1.780000	6.879747
1.780500	6.873548
1.781000	6.871068
1.781500	6.866108
1.782000	6.855569
1.782500	6.852469
1.783000	6.845649
1.783500	6.838210
1.784000	6.835110
1.784500	6.827051
1.785000	6.823331
1.785500	6.818991
1.786000	6.812791
1.786500	6.807832
1.787000	6.800392
1.787500	6.796052
1.788000	6.788613
1.788500	6.787373
1.789000	6.781173
1.789500	6.774973
1.790000	6.768774
1.790500	6.763814
1.791000	6.760094
1.791500	6.756995
1.792000	6.756374
1.792500	6.752035
1.793000	6.749555
1.793500	6.748935
1.794000	6.747695
1.794500	6.743975
1.795000	6.743975
1.795500	6.745835
1.796000	6.744595
1.796500	6.743355
1.797000	6.743355
1.797500	6.743975
1.798000	6.743975
1.798500	6.740875
1.799000	6.737155
1.799500	6.739635
1.800000	6.740875
1.800500	6.741496
1.801000	6.742115
1.801500	6.744595
1.802000	6.747075
1.802500	6.747075
1.803000	6.750175
1.803500	6.750795
1.804000	6.753275
1.804500	6.755754
1.805000	6.760094
1.805500	6.760715
1.806000	6.764434
1.806500	6.766914
1.807000	6.766914
1.807500	6.770634
1.808000	6.771254
1.808500	6.778693
1.809000	6.778693
1.809500	6.786133
1.810000	6.789233
1.810500	6.793572
1.811000	6.794812
1.811500	6.800392
1.812000	6.804112
1.812500	6.807212
1.813000	6.810931
1.813500	6.815271
1.814000	6.818991
1.814500	6.820851
1.815000	6.820851
1.815500	6.821471
1.816000	6.824571
1.816500	6.825191
1.817000	6.825191
1.817500	6.829530
1.818000	6.830150
1.818500	6.833870
1.819000	6.833870
1.819500	6.836970
1.820000	6.838210
1.820500	6.838210
1.821000	6.841310
1.821500	6.841929
1.822000	6.841929
1.822500	6.843790
1.823000	6.845029
1.823500	6.839450
1.824000	6.842550
1.824500	6.842550
1.825000	6.845029
1.825500	6.847509
1.826000	6.844409
1.826500	6.845649
1.827000	6.846270
1.827500	6.844409
1.828000	6.841310
1.828500	6.841929
1.829000	6.846270
1.829500	6.842550
1.830000	6.838210
1.830500	6.836350
1.831000	6.836350
1.831500	6.832630
1.832000	6.823331
1.832500	6.818991
1.833000	6.816511
1.833500	6.812171
1.834000	6.809072
1.834500	6.803492
1.835000	6.801632
1.835500	6.797912
1.836000	6.792333
1.836500	6.790473
1.837000	6.786133
1.837500	6.783033
1.838000	6.778693
1.838500	6.776834
1.839000	6.774354
1.839500	6.770014
1.840000	6.765674
1.840500	6.761954
1.841000	6.761334
1.841500	6.758854
1.842000	6.758235
1.842500	6.756995
1.843000	6.759474
1.843500	6.758235
1.844000	6.758854
1.844500	6.758854
1.845000	6.760094
1.845500	6.765054
1.846000	6.764434
1.846500	6.765674
1.847000	6.765674
1.847500	6.768154
1.848000	6.770634
1.848500	6.767534
1.849000	6.768774
1.849500	6.770014
1.850000	6.770014
1.850500	6.774354
1.851000	6.776214
1.851500	6.778073
1.852000	6.780553
1.852500	6.779933
1.853000	6.782413
1.853500	6.785513
1.854000	6.786133
1.854500	6.789853
1.855000	6.792953
1.855500	6.795432
1.856000	6.795432
1.856500	6.798532
1.857000	6.797292
1.857500	6.800392
1.858000	6.801632
1.858500	6.805352
1.859000	6.806592
1.859500	6.812171
1.860000	6.815891
1.860500	6.820231
1.861000	6.821471
1.861500	6.825191
1.862000	6.827671
1.862500	6.829530
1.863000	6.834490
1.863500	6.836350
1.864000	6.838210
1.864500	6.841929
1.865000	6.838830
1.865500	6.838210
1.866000	6.840690
1.866500	6.841310
1.867000	6.842550
1.867500	6.843790
1.868000	6.843170
1.868500	6.845029
1.869000	6.845029
1.869500	6.845649
1.870000	6.843170
1.870500	6.843170
1.871000	6.845649
1.871500	6.841310
1.872000	6.841310
1.872500	6.838830
1.873000	6.837590
1.873500	6.832630
1.874000	6.830150
1.874500	6.828910
1.875000	6.830150
1.875500	6.830150
1.876000	6.825191
1.876500	6.827051
1.877000	6.825191
1.877500	6.822711
1.878000	6.819611
1.878500	6.818371
1.879000	6.821471
1.879500	6.817751
1.880000	6.814651
1.880500	6.812791
1.881000	6.812171
1.881500	6.810311
1.882000	6.802872
1.882500	6.801012
1.883000	6.799772
1.883500	6.798532
1.884000	6.796052
1.884500	6.794812
1.885000	6.792953
1.885500	6.792333
1.886000	6.791092
1.886500	6.789853
1.887000	6.790473
1.887500	6.789233
1.888000	6.789853
1.888500	6.790473
1.889000	6.792333
1.889500	6.791713
1.890000	6.788613
1.890500	6.789853
1.891000	6.791092
1.891500	6.794192
1.892000	6.794812
1.892500	6.797912
1.893000	6.801012
1.893500	6.804732
1.894000	6.804732
1.894500	6.807212
1.895000	6.811552
1.895500	6.814031
1.896000	6.818371
1.896500	6.819611
1.897000	6.822091
1.897500	6.825191
1.898000	6.825191
1.898500	6.823331
1.899000	6.825810
1.899500	6.827051
1.900000	6.828290
1.900500	6.828910
1.901000	6.833250
1.901500	6.832010
1.902000	6.835110
1.902500	6.834490
1.903000	6.836350
1.903500	6.835110
1.904000	6.837590
1.904500	6.839450
1.905000	6.838210
1.905500	6.837590
1.906000	6.837590
1.906500	6.836970
1.907000	6.833250
1.907500	6.832010
1.908000	6.831390
1.908500	6.833250
1.909000	6.829530
1.909500	6.832010
1.910000	6.832010
1.910500	6.830770
1.911000	6.827671
1.911500	6.828290
1.912000	6.826430
1.912500	6.826430
1.913000	6.825191
1.913500	6.820851
1.914000	6.817131
1.914500	6.815891
1.915000	6.810931
1.915500	6.805352
1.916000	6.802872
1.916500	6.800392
1.917000	6.796052
1.917500	6.793572
1.918000	6.788613
1.918500	6.787373
1.919000	6.783033
1.919500	6.780553
1.920000	6.776834
1.920500	6.773114
1.921000	6.768774
1.921500	6.766294
1.922000	6.763194
1.922500	6.760715
1.923000	6.758235
1.923500	6.752035
1.924000	6.748315
1.924500	6.747075
1.925000	6.747075
1.925500	6.746455
1.926000	6.743975
1.926500	6.745215
1.927000	6.743975
1.927500	6.742115
1.928000	6.742115
1.928500	6.742735
1.929000	6.748315
1.929500	6.747075
1.930000	6.747075
1.930500	6.747075
1.931000	6.747695
1.931500	6.749555
1.932000	6.748935
1.932500	6.748935
1.933000	6.750175
1.933500	6.753275
1.934000	6.756374
1.934500	6.757615
1.935000	6.764434
1.935500	6.766294
1.936000	6.770634
1.936500	6.773734
1.937000	6.778693
1.937500	6.783653
1.938000	6.787993
1.938500	6.792333
1.939000	6.797912
1.939500	6.803492
1.940000	6.804112
1.940500	6.808452
1.941000	6.813411
1.941500	6.818991
1.942000	6.826430
1.942500	6.830150
1.943000	6.836970
1.943500	6.841310
1.944000	6.843790
1.944500	6.848749
1.945000	6.854329
1.945500	6.858049
1.946000	6.861769
1.946500	6.863628
1.947000	6.866108
1.947500	6.869208
1.948000	6.870448
1.948500	6.866728
1.949000	6.867968
1.949500	6.866108
1.950000	6.866108
1.950500	6.864248
1.951000	6.865489
1.951500	6.861769
1.952000	6.862389
1.952500	6.860528
1.953000	6.857429
1.953500	6.856809
1.954000	6.852469
1.954500	6.848749
1.955000	6.848129
1.955500	6.843170
1.956000	6.839450
1.956500	6.836970
1.957000	6.832010
1.957500	6.827671
1.958000	6.825191
1.958500	6.820231
1.959000	6.814651
1.959500	6.815891
1.960000	6.812791
1.960500	6.809072
1.961000	6.805352
1.961500	6.801632
1.962000	6.799152
1.962500	6.794812
1.963000	6.794192
1.963500	6.790473
1.964000	6.787373
1.964500	6.785513
1.965000	6.778073
1.965500	6.772494
1.966000	6.770634
1.966500	6.765054
1.967000	6.765674
1.967500	6.761334
1.968000	6.757615
1.968500	6.756374
1.969000	6.755135
1.969500	6.753895
1.970000	6.752035
1.970500	6.748935
1.971000	6.750175
1.971500	6.749555
1.972000	6.747695
1.972500	6.749555
1.973000	6.749555
1.973500	6.748315
1.974000	6.749555
1.974500	6.751415
1.975000	6.754515
1.975500	6.760094
1.976000	6.760715
1.976500	6.765054
1.977000	6.769394
1.977500	6.774354
1.978000	6.779933
1.978500	6.783033
1.979000	6.791713
1.979500	6.796052
1.980000	6.799772
1.980500	6.805352
1.981000	6.810931
1.981500	6.816511
1.982000	6.814651
1.982500	6.820851
1.983000	6.822711
1.983500	6.827671
1.984000	6.833870
1.984500	6.836350
1.985000	6.841929
1.985500	6.845649
1.986000	6.848129
1.986500	6.851229
1.987000	6.854329
1.987500	6.857429
1.988000	6.859289
1.988500	6.861769
1.989000	6.865489
1.989500	6.867348
1.990000	6.865489
1.990500	6.864248
1.991000	6.866728
1.991500	6.868588
1.992000	6.868588
1.992500	6.868588
1.993000	6.871068
1.993500	6.870448
1.994000	6.869828
1.994500	6.868588
1.995000	6.866108
1.995500	6.866728
1.996000	6.864868
1.996500	6.863008
1.997000	6.858049
1.997500	6.856189
1.998000	6.853709
1.998500	6.845029
1.999000	6.840690
1.999500	6.837590
2.000000	6.829530
END DATA