National Instruments VirtualBench-Scope 2.1.1 Report
Date Created:	10/26/99	2:38:15 PM

USER NAME:	50gA
COMMENTS:	
START DATA
Time	Ch 0
0.000000	6.345338
0.000500	6.341618
0.001000	6.342238
0.001500	6.342858
0.002000	6.339758
0.002500	6.338519
0.003000	6.337278
0.003500	6.335419
0.004000	6.335419
0.004500	6.333559
0.005000	6.337898
0.005500	6.333559
0.006000	6.336039
0.006500	6.337898
0.007000	6.332939
0.007500	6.335419
0.008000	6.336658
0.008500	6.340998
0.009000	6.340378
0.009500	6.348438
0.010000	6.349058
0.010500	6.354638
0.011000	6.356497
0.011500	6.359597
0.012000	6.362697
0.012500	6.368277
0.013000	6.371377
0.013500	6.374476
0.014000	6.377576
0.014500	6.381296
0.015000	6.384396
0.015500	6.383776
0.016000	6.385636
0.016500	6.387496
0.017000	6.388735
0.017500	6.389976
0.018000	6.393075
0.018500	6.394935
0.019000	6.396795
0.019500	6.396175
0.020000	6.398035
0.020500	6.398655
0.021000	6.402375
0.021500	6.402995
0.022000	6.404234
0.022500	6.404855
0.023000	6.406095
0.023500	6.400515
0.024000	6.403615
0.024500	6.404855
0.025000	6.406095
0.025500	6.409814
0.026000	6.406714
0.026500	6.411054
0.027000	6.411054
0.027500	6.409194
0.028000	6.409814
0.028500	6.409194
0.029000	6.412294
0.029500	6.412294
0.030000	6.411054
0.030500	6.407954
0.031000	6.407334
0.031500	6.406095
0.032000	6.400515
0.032500	6.397415
0.033000	6.396175
0.033500	6.391215
0.034000	6.388735
0.034500	6.386876
0.035000	6.382536
0.035500	6.382536
0.036000	6.378196
0.036500	6.375716
0.037000	6.370757
0.037500	6.368277
0.038000	6.364557
0.038500	6.362697
0.039000	6.359597
0.039500	6.356497
0.040000	6.353397
0.040500	6.346578
0.041000	6.344718
0.041500	6.347198
0.042000	6.342858
0.042500	6.342858
0.043000	6.340998
0.043500	6.341618
0.044000	6.339758
0.044500	6.340378
0.045000	6.339139
0.045500	6.339758
0.046000	6.339758
0.046500	6.338519
0.047000	6.339139
0.047500	6.339758
0.048000	6.340998
0.048500	6.336039
0.049000	6.337278
0.049500	6.336039
0.050000	6.336039
0.050500	6.335419
0.051000	6.336039
0.051500	6.337898
0.052000	6.339758
0.052500	6.341618
0.053000	6.344098
0.053500	6.345338
0.054000	6.346578
0.054500	6.348438
0.055000	6.350298
0.055500	6.354018
0.056000	6.356497
0.056500	6.357117
0.057000	6.355258
0.057500	6.361457
0.058000	6.363317
0.058500	6.368277
0.059000	6.368896
0.059500	6.377576
0.060000	6.378196
0.060500	6.385016
0.061000	6.386876
0.061500	6.391835
0.062000	6.396175
0.062500	6.401135
0.063000	6.407334
0.063500	6.407954
0.064000	6.409814
0.064500	6.414774
0.065000	6.417254
0.065500	6.416634
0.066000	6.414774
0.066500	6.418494
0.067000	6.419114
0.067500	6.420354
0.068000	6.423453
0.068500	6.425313
0.069000	6.425933
0.069500	6.424694
0.070000	6.426553
0.070500	6.424694
0.071000	6.425313
0.071500	6.425933
0.072000	6.424074
0.072500	6.426553
0.073000	6.422214
0.073500	6.416634
0.074000	6.417254
0.074500	6.414154
0.075000	6.414774
0.075500	6.414154
0.076000	6.409814
0.076500	6.411054
0.077000	6.408575
0.077500	6.404855
0.078000	6.401755
0.078500	6.398655
0.079000	6.401135
0.079500	6.396795
0.080000	6.389976
0.080500	6.389976
0.081000	6.386256
0.081500	6.384396
0.082000	6.373236
0.082500	6.369517
0.083000	6.364557
0.083500	6.357737
0.084000	6.357737
0.084500	6.350298
0.085000	6.348438
0.085500	6.343478
0.086000	6.339139
0.086500	6.335419
0.087000	6.329839
0.087500	6.328599
0.088000	6.322399
0.088500	6.319920
0.089000	6.319920
0.089500	6.316820
0.090000	6.313720
0.090500	6.307520
0.091000	6.308140
0.091500	6.306900
0.092000	6.306280
0.092500	6.310000
0.093000	6.308140
0.093500	6.311860
0.094000	6.311240
0.094500	6.312480
0.095000	6.313100
0.095500	6.319300
0.096000	6.321779
0.096500	6.324879
0.097000	6.326119
0.097500	6.331079
0.098000	6.331699
0.098500	6.331699
0.099000	6.334178
0.099500	6.338519
0.100000	6.340998
0.100500	6.343478
0.101000	6.347198
0.101500	6.354018
0.102000	6.355877
0.102500	6.360837
0.103000	6.363317
0.103500	6.367657
0.104000	6.373857
0.104500	6.377576
0.105000	6.381296
0.105500	6.388115
0.106000	6.391835
0.106500	6.397415
0.107000	6.397415
0.107500	6.401135
0.108000	6.406095
0.108500	6.410434
0.109000	6.412294
0.109500	6.419114
0.110000	6.424694
0.110500	6.429033
0.111000	6.429653
0.111500	6.432133
0.112000	6.438333
0.112500	6.438333
0.113000	6.440813
0.113500	6.440193
0.114000	6.441432
0.114500	6.442052
0.115000	6.438952
0.115500	6.432753
0.116000	6.433373
0.116500	6.430273
0.117000	6.425933
0.117500	6.423453
0.118000	6.420354
0.118500	6.419114
0.119000	6.411674
0.119500	6.409814
0.120000	6.404234
0.120500	6.399895
0.121000	6.393695
0.121500	6.388115
0.122000	6.384396
0.122500	6.376956
0.123000	6.373857
0.123500	6.363937
0.124000	6.357737
0.124500	6.354018
0.125000	6.350918
0.125500	6.349058
0.126000	6.340378
0.126500	6.338519
0.127000	6.336039
0.127500	6.331079
0.128000	6.329219
0.128500	6.325499
0.129000	6.327359
0.129500	6.324259
0.130000	6.319300
0.130500	6.319920
0.131000	6.317440
0.131500	6.316200
0.132000	6.309380
0.132500	6.309380
0.133000	6.308140
0.133500	6.306900
0.134000	6.305660
0.134500	6.305660
0.135000	6.306900
0.135500	6.306900
0.136000	6.308140
0.136500	6.309380
0.137000	6.309380
0.137500	6.312480
0.138000	6.314340
0.138500	6.318679
0.139000	6.322399
0.139500	6.325499
0.140000	6.329219
0.140500	6.331079
0.141000	6.335419
0.141500	6.339139
0.142000	6.345958
0.142500	6.352777
0.143000	6.357117
0.143500	6.365797
0.144000	6.370757
0.144500	6.377576
0.145000	6.385016
0.145500	6.393695
0.146000	6.398655
0.146500	6.405475
0.147000	6.411674
0.147500	6.417874
0.148000	6.421594
0.148500	6.422833
0.149000	6.428413
0.149500	6.432133
0.150000	6.433993
0.150500	6.436473
0.151000	6.440193
0.151500	6.444532
0.152000	6.446392
0.152500	6.447632
0.153000	6.447012
0.153500	6.449492
0.154000	6.450732
0.154500	6.451352
0.155000	6.450112
0.155500	6.449492
0.156000	6.445772
0.156500	6.446392
0.157000	6.440193
0.157500	6.437713
0.158000	6.435233
0.158500	6.435853
0.159000	6.432133
0.159500	6.431513
0.160000	6.429033
0.160500	6.425933
0.161000	6.420974
0.161500	6.417254
0.162000	6.415394
0.162500	6.412914
0.163000	6.410434
0.163500	6.405475
0.164000	6.399895
0.164500	6.394935
0.165000	6.390595
0.165500	6.381296
0.166000	6.376336
0.166500	6.370757
0.167000	6.364557
0.167500	6.358977
0.168000	6.354018
0.168500	6.351538
0.169000	6.344718
0.169500	6.340378
0.170000	6.335419
0.170500	6.332939
0.171000	6.327359
0.171500	6.324879
0.172000	6.321779
0.172500	6.320539
0.173000	6.318059
0.173500	6.313100
0.174000	6.310620
0.174500	6.310620
0.175000	6.313100
0.175500	6.316200
0.176000	6.313720
0.176500	6.316200
0.177000	6.319300
0.177500	6.323639
0.178000	6.323019
0.178500	6.326119
0.179000	6.333559
0.179500	6.334178
0.180000	6.336658
0.180500	6.340998
0.181000	6.344718
0.181500	6.347818
0.182000	6.346578
0.182500	6.349058
0.183000	6.357117
0.183500	6.357737
0.184000	6.357737
0.184500	6.360217
0.185000	6.367037
0.185500	6.370757
0.186000	6.371377
0.186500	6.372616
0.187000	6.380676
0.187500	6.382536
0.188000	6.383156
0.188500	6.388735
0.189000	6.392455
0.189500	6.394935
0.190000	6.394315
0.190500	6.393695
0.191000	6.399895
0.191500	6.404234
0.192000	6.408575
0.192500	6.410434
0.193000	6.409194
0.193500	6.408575
0.194000	6.411054
0.194500	6.411674
0.195000	6.409814
0.195500	6.417874
0.196000	6.414154
0.196500	6.409194
0.197000	6.406095
0.197500	6.399895
0.198000	6.402995
0.198500	6.398655
0.199000	6.394315
0.199500	6.398655
0.200000	6.395555
0.200500	6.397415
0.201000	6.402375
0.201500	6.399895
0.202000	6.409194
0.202500	6.409194
0.203000	6.409194
0.203500	6.413534
0.204000	6.411674
0.204500	6.415394
0.205000	6.415394
0.205500	6.412914
0.206000	6.413534
0.206500	6.409194
0.207000	6.403615
0.207500	6.400515
0.208000	6.395555
0.208500	6.389356
0.209000	6.381916
0.209500	6.376956
0.210000	6.368277
0.210500	6.362077
0.211000	6.354638
0.211500	6.345338
0.212000	6.338519
0.212500	6.328599
0.213000	6.324879
0.213500	6.314340
0.214000	6.306900
0.214500	6.305660
0.215000	6.302560
0.215500	6.295741
0.216000	6.291401
0.216500	6.290781
0.217000	6.294501
0.217500	6.298841
0.218000	6.305660
0.218500	6.308760
0.219000	6.311240
0.219500	6.316200
0.220000	6.320539
0.220500	6.329219
0.221000	6.334178
0.221500	6.335419
0.222000	6.341618
0.222500	6.345338
0.223000	6.348438
0.223500	6.348438
0.224000	6.346578
0.224500	6.345958
0.225000	6.352777
0.225500	6.353397
0.226000	6.353397
0.226500	6.352158
0.227000	6.350298
0.227500	6.348438
0.228000	6.347198
0.228500	6.346578
0.229000	6.350918
0.229500	6.349678
0.230000	6.343478
0.230500	6.343478
0.231000	6.350298
0.231500	6.350298
0.232000	6.348438
0.232500	6.349058
0.233000	6.358357
0.233500	6.367657
0.234000	6.371996
0.234500	6.383776
0.235000	6.393075
0.235500	6.402375
0.236000	6.414154
0.236500	6.421594
0.237000	6.432133
0.237500	6.437093
0.238000	6.443293
0.238500	6.449492
0.239000	6.453832
0.239500	6.457551
0.240000	6.459412
0.240500	6.455692
0.241000	6.455692
0.241500	6.451352
0.242000	6.450112
0.242500	6.448872
0.243000	6.439573
0.243500	6.437713
0.244000	6.432753
0.244500	6.422214
0.245000	6.414154
0.245500	6.411054
0.246000	6.406714
0.246500	6.406714
0.247000	6.401755
0.247500	6.400515
0.248000	6.403615
0.248500	6.398035
0.249000	6.396795
0.249500	6.397415
0.250000	6.402995
0.250500	6.404234
0.251000	6.407334
0.251500	6.410434
0.252000	6.413534
0.252500	6.416014
0.253000	6.412294
0.253500	6.409194
0.254000	6.409814
0.254500	6.410434
0.255000	6.406095
0.255500	6.398035
0.256000	6.397415
0.256500	6.386876
0.257000	6.367657
0.257500	6.367037
0.258000	6.353397
0.258500	6.338519
0.259000	6.326119
0.259500	6.316200
0.260000	6.305660
0.260500	6.297601
0.261000	6.286441
0.261500	6.274662
0.262000	6.268462
0.262500	6.270322
0.263000	6.273422
0.263500	6.269702
0.264000	6.275902
0.264500	6.280862
0.265000	6.287061
0.265500	6.291401
0.266000	6.306280
0.266500	6.318059
0.267000	6.326739
0.267500	6.340998
0.268000	6.354638
0.268500	6.369517
0.269000	6.380056
0.269500	6.391835
0.270000	6.401135
0.270500	6.407334
0.271000	6.412914
0.271500	6.424694
0.272000	6.419734
0.272500	6.419114
0.273000	6.416634
0.273500	6.401135
0.274000	6.391835
0.274500	6.381296
0.275000	6.372616
0.275500	6.361457
0.276000	6.347198
0.276500	6.334178
0.277000	6.326739
0.277500	6.321779
0.278000	6.308760
0.278500	6.302560
0.279000	6.307520
0.279500	6.313100
0.280000	6.312480
0.280500	6.314960
0.281000	6.326119
0.281500	6.345338
0.282000	6.350918
0.282500	6.365177
0.283000	6.388115
0.283500	6.412294
0.284000	6.433993
0.284500	6.454452
0.285000	6.479870
0.285500	6.499089
0.286000	6.513349
0.286500	6.535047
0.287000	6.548067
0.287500	6.556126
0.288000	6.562325
0.288500	6.570385
0.289000	6.571625
0.289500	6.568525
0.290000	6.562325
0.290500	6.546826
0.291000	6.533187
0.291500	6.518928
0.292000	6.498469
0.292500	6.475531
0.293000	6.451972
0.293500	6.432133
0.294000	6.409814
0.294500	6.384396
0.295000	6.365177
0.295500	6.347818
0.296000	6.331699
0.296500	6.311240
0.297000	6.298841
0.297500	6.290161
0.298000	6.277762
0.298500	6.265983
0.299000	6.263503
0.299500	6.266603
0.300000	6.269702
0.300500	6.277142
0.301000	6.292021
0.301500	6.304420
0.302000	6.314340
0.302500	6.321159
0.303000	6.329839
0.303500	6.333559
0.304000	6.337898
0.304500	6.345338
0.305000	6.349058
0.305500	6.350298
0.306000	6.349678
0.306500	6.342858
0.307000	6.331699
0.307500	6.324879
0.308000	6.316200
0.308500	6.307520
0.309000	6.294501
0.309500	6.281482
0.310000	6.270322
0.310500	6.260403
0.311000	6.249243
0.311500	6.240564
0.312000	6.234984
0.312500	6.228165
0.313000	6.228165
0.313500	6.226305
0.314000	6.228165
0.314500	6.232504
0.315000	6.234365
0.315500	6.236224
0.316000	6.254823
0.316500	6.272182
0.317000	6.281482
0.317500	6.301940
0.318000	6.321779
0.318500	6.337278
0.319000	6.357117
0.319500	6.371996
0.320000	6.389976
0.320500	6.405475
0.321000	6.421594
0.321500	6.434613
0.322000	6.446392
0.322500	6.462512
0.323000	6.474291
0.323500	6.476151
0.324000	6.482970
0.324500	6.486690
0.325000	6.489170
0.325500	6.487930
0.326000	6.484210
0.326500	6.485450
0.327000	6.478011
0.327500	6.474911
0.328000	6.466851
0.328500	6.464371
0.329000	6.464991
0.329500	6.455692
0.330000	6.451972
0.330500	6.448872
0.331000	6.438952
0.331500	6.438333
0.332000	6.433993
0.332500	6.428413
0.333000	6.425313
0.333500	6.423453
0.334000	6.425313
0.334500	6.422214
0.335000	6.421594
0.335500	6.417874
0.336000	6.412914
0.336500	6.409194
0.337000	6.402995
0.337500	6.399895
0.338000	6.395555
0.338500	6.391215
0.339000	6.386876
0.339500	6.385016
0.340000	6.381296
0.340500	6.368896
0.341000	6.365177
0.341500	6.358977
0.342000	6.352158
0.342500	6.349058
0.343000	6.340378
0.343500	6.334799
0.344000	6.332939
0.344500	6.325499
0.345000	6.319300
0.345500	6.318059
0.346000	6.323639
0.346500	6.321159
0.347000	6.319920
0.347500	6.319920
0.348000	6.319920
0.348500	6.317440
0.349000	6.318059
0.349500	6.319300
0.350000	6.321779
0.350500	6.323019
0.351000	6.326119
0.351500	6.331699
0.352000	6.332939
0.352500	6.332319
0.353000	6.337898
0.353500	6.334178
0.354000	6.331079
0.354500	6.332939
0.355000	6.336039
0.355500	6.336039
0.356000	6.337278
0.356500	6.338519
0.357000	6.339139
0.357500	6.339758
0.358000	6.341618
0.358500	6.350298
0.359000	6.352158
0.359500	6.352158
0.360000	6.358977
0.360500	6.365797
0.361000	6.371377
0.361500	6.376956
0.362000	6.382536
0.362500	6.389356
0.363000	6.401135
0.363500	6.402375
0.364000	6.412294
0.364500	6.417254
0.365000	6.420974
0.365500	6.424694
0.366000	6.425313
0.366500	6.423453
0.367000	6.430273
0.367500	6.433373
0.368000	6.431513
0.368500	6.434613
0.369000	6.432133
0.369500	6.433993
0.370000	6.429033
0.370500	6.425933
0.371000	6.423453
0.371500	6.412294
0.372000	6.405475
0.372500	6.402375
0.373000	6.391215
0.373500	6.382536
0.374000	6.377576
0.374500	6.370757
0.375000	6.370137
0.375500	6.360837
0.376000	6.357117
0.376500	6.355877
0.377000	6.352158
0.377500	6.350918
0.378000	6.345338
0.378500	6.340998
0.379000	6.350298
0.379500	6.348438
0.380000	6.351538
0.380500	6.359597
0.381000	6.363317
0.381500	6.367037
0.382000	6.370757
0.382500	6.375716
0.383000	6.375716
0.383500	6.380056
0.384000	6.389976
0.384500	6.395555
0.385000	6.398655
0.385500	6.410434
0.386000	6.413534
0.386500	6.418494
0.387000	6.422214
0.387500	6.424694
0.388000	6.422833
0.388500	6.422833
0.389000	6.423453
0.389500	6.419734
0.390000	6.414154
0.390500	6.407334
0.391000	6.400515
0.391500	6.398035
0.392000	6.391215
0.392500	6.384396
0.393000	6.377576
0.393500	6.371377
0.394000	6.363317
0.394500	6.350918
0.395000	6.344718
0.395500	6.346578
0.396000	6.339758
0.396500	6.335419
0.397000	6.329839
0.397500	6.331699
0.398000	6.326119
0.398500	6.323639
0.399000	6.323019
0.399500	6.319920
0.400000	6.323019
0.400500	6.323019
0.401000	6.326119
0.401500	6.327979
0.402000	6.339139
0.402500	6.342858
0.403000	6.345338
0.403500	6.348438
0.404000	6.351538
0.404500	6.355877
0.405000	6.355877
0.405500	6.362697
0.406000	6.362697
0.406500	6.362077
0.407000	6.355877
0.407500	6.355877
0.408000	6.355258
0.408500	6.355258
0.409000	6.350918
0.409500	6.353397
0.410000	6.354638
0.410500	6.352777
0.411000	6.354018
0.411500	6.355877
0.412000	6.357117
0.412500	6.357737
0.413000	6.367037
0.413500	6.365177
0.414000	6.365797
0.414500	6.369517
0.415000	6.374476
0.415500	6.373857
0.416000	6.373236
0.416500	6.380056
0.417000	6.387496
0.417500	6.392455
0.418000	6.396175
0.418500	6.404234
0.419000	6.411054
0.419500	6.412294
0.420000	6.413534
0.420500	6.420974
0.421000	6.424074
0.421500	6.424694
0.422000	6.422214
0.422500	6.427794
0.423000	6.427794
0.423500	6.420354
0.424000	6.419114
0.424500	6.424694
0.425000	6.425313
0.425500	6.420974
0.426000	6.418494
0.426500	6.428413
0.427000	6.424074
0.427500	6.418494
0.428000	6.419114
0.428500	6.423453
0.429000	6.420974
0.429500	6.416634
0.430000	6.414154
0.430500	6.414774
0.431000	6.410434
0.431500	6.405475
0.432000	6.398655
0.432500	6.394315
0.433000	6.391215
0.433500	6.381916
0.434000	6.376336
0.434500	6.372616
0.435000	6.364557
0.435500	6.347198
0.436000	6.338519
0.436500	6.334799
0.437000	6.328599
0.437500	6.314340
0.438000	6.308760
0.438500	6.305660
0.439000	6.296981
0.439500	6.288301
0.440000	6.292021
0.440500	6.292641
0.441000	6.293881
0.441500	6.297601
0.442000	6.306900
0.442500	6.311860
0.443000	6.322399
0.443500	6.334178
0.444000	6.347818
0.444500	6.358357
0.445000	6.371996
0.445500	6.382536
0.446000	6.392455
0.446500	6.400515
0.447000	6.408575
0.447500	6.416014
0.448000	6.424694
0.448500	6.426553
0.449000	6.423453
0.449500	6.427794
0.450000	6.425933
0.450500	6.419114
0.451000	6.413534
0.451500	6.412914
0.452000	6.406714
0.452500	6.396175
0.453000	6.390595
0.453500	6.380056
0.454000	6.369517
0.454500	6.362077
0.455000	6.354638
0.455500	6.349678
0.456000	6.347198
0.456500	6.345958
0.457000	6.339758
0.457500	6.340998
0.458000	6.346578
0.458500	6.353397
0.459000	6.359597
0.459500	6.365177
0.460000	6.375716
0.460500	6.385636
0.461000	6.393075
0.461500	6.405475
0.462000	6.416634
0.462500	6.424074
0.463000	6.433373
0.463500	6.431513
0.464000	6.431513
0.464500	6.435853
0.465000	6.434613
0.465500	6.426553
0.466000	6.423453
0.466500	6.416634
0.467000	6.411674
0.467500	6.429653
0.468000	6.553026
0.468500	6.617503
0.469000	6.783653
0.469500	6.867968
0.470000	6.902686
0.470500	6.802252
0.471000	6.794192
0.471500	6.768774
0.472000	6.629282
0.472500	6.416014
0.473000	6.275902
0.473500	6.129591
0.474000	6.029156
0.474500	5.980799
0.475000	6.022956
0.475500	6.107272
0.476000	6.226925
0.476500	6.460032
0.477000	6.754515
0.477500	7.100455
0.478000	7.557989
0.478500	8.000644
0.479000	8.538773
0.479500	9.080002
0.480000	9.593953
0.480500	10.154401
0.481000	10.658432
0.481500	11.150683
0.482000	11.592719
0.482500	11.954778
0.483000	12.256081
0.483500	12.463769
0.484000	12.531345
0.484500	12.455709
0.485000	12.220123
0.485500	11.926260
0.486000	11.555521
0.486500	11.130225
0.487000	10.595196
0.487500	10.005610
0.488000	9.377585
0.488500	8.756380
0.489000	8.065120
0.489500	7.409197
0.490000	6.818371
0.490500	6.279002
0.491000	5.722894
0.491500	5.190964
0.492000	4.706771
0.492500	4.317434
0.493000	3.991952
0.493500	3.683830
0.494000	3.431504
0.494500	3.256054
0.495000	3.116562
0.495500	3.004969
0.496000	2.944212
0.496500	2.916934
0.497000	2.921273
0.497500	2.931813
0.498000	2.978310
0.498500	3.048366
0.499000	3.183518
0.499500	3.343469
0.500000	3.540618
0.500500	3.750786
0.501000	3.980173
0.501500	4.222579
0.502000	4.481104
0.502500	4.747689
0.503000	5.030393
0.503500	5.285199
0.504000	5.559843
0.504500	5.819608
0.505000	6.050235
0.505500	6.238084
0.506000	6.417254
0.506500	6.575345
0.507000	6.678259
0.507500	6.752035
0.508000	6.794192
0.508500	6.807832
0.509000	6.793572
0.509500	6.753275
0.510000	6.702437
0.510500	6.643541
0.511000	6.575345
0.511500	6.505289
0.512000	6.437093
0.512500	6.358977
0.513000	6.295121
0.513500	6.217625
0.514000	6.166788
0.514500	6.130210
0.515000	6.090532
0.515500	6.058294
0.516000	6.042175
0.516500	6.027916
0.517000	6.027296
0.517500	6.049615
0.518000	6.071314
0.518500	6.099832
0.519000	6.143849
0.519500	6.199026
0.520000	6.265363
0.520500	6.349678
0.521000	6.432133
0.521500	6.516448
0.522000	6.602004
0.522500	6.703678
0.523000	6.810931
0.523500	6.915706
0.524000	7.039699
0.524500	7.161211
0.525000	7.281485
0.525500	7.412917
0.526000	7.541870
0.526500	7.653463
0.527000	7.761337
0.527500	7.856192
0.528000	7.938647
0.528500	8.010563
0.529000	8.071320
0.529500	8.104177
0.530000	8.131456
0.530500	8.143855
0.531000	8.135176
0.531500	8.120916
0.532000	8.076900
0.532500	8.019242
0.533000	7.949807
0.533500	7.871691
0.534000	7.778696
0.534500	7.677022
0.535000	7.567288
0.535500	7.456934
0.536000	7.318683
0.536500	7.182910
0.537000	7.041558
0.537500	6.889667
0.538000	6.743355
0.538500	6.615643
0.539000	6.481110
0.539500	6.354018
0.540000	6.237464
0.540500	6.127110
0.541000	6.029156
0.541500	5.948561
0.542000	5.869825
0.542500	5.805969
0.543000	5.774351
0.543500	5.740252
0.544000	5.719794
0.544500	5.721653
0.545000	5.722894
0.545500	5.736533
0.546000	5.776830
0.546500	5.826427
0.547000	5.878505
0.547500	5.951040
0.548000	6.034116
0.548500	6.113471
0.549000	6.197786
0.549500	6.290161
0.550000	6.380056
0.550500	6.464991
0.551000	6.542487
0.551500	6.611923
0.552000	6.665860
0.552500	6.704917
0.553000	6.735916
0.553500	6.755135
0.554000	6.749555
0.554500	6.721036
0.555000	6.679499
0.555500	6.613783
0.556000	6.531327
0.556500	6.440813
0.557000	6.336039
0.557500	6.221345
0.558000	6.096732
0.558500	5.968400
0.559000	5.846887
0.559500	5.716074
0.560000	5.597041
0.560500	5.485447
0.561000	5.384393
0.561500	5.290778
0.562000	5.213283
0.562500	5.150046
0.563000	5.101069
0.563500	5.063251
0.564000	5.048992
0.564500	5.050852
0.565000	5.065111
0.565500	5.093629
0.566000	5.143847
0.566500	5.210803
0.567000	5.287678
0.567500	5.381293
0.568000	5.483587
0.568500	5.600141
0.569000	5.724753
0.569500	5.854326
0.570000	5.981419
0.570500	6.120911
0.571000	6.270942
0.571500	6.416014
0.572000	6.561086
0.572500	6.716697
0.573000	6.861769
0.573500	6.994441
0.574000	7.132693
0.574500	7.269705
0.575000	7.398658
0.575500	7.514591
0.576000	7.621845
0.576500	7.719180
0.577000	7.796675
0.577500	7.861772
0.578000	7.920048
0.578500	7.969025
0.579000	7.998784
0.579500	8.015523
0.580000	8.020482
0.580500	8.011183
0.581000	7.990724
0.581500	7.967785
0.582000	7.932447
0.582500	7.880991
0.583000	7.822094
0.583500	7.760098
0.584000	7.686321
0.584500	7.601387
0.585000	7.514591
0.585500	7.424077
0.586000	7.321782
0.586500	7.218868
0.587000	7.113474
0.587500	7.004981
0.588000	6.896487
0.588500	6.789853
0.589000	6.687559
0.589500	6.581544
0.590000	6.482350
0.590500	6.384396
0.591000	6.295741
0.591500	6.210186
0.592000	6.138890
0.592500	6.078753
0.593000	6.031016
0.593500	5.983899
0.594000	5.949800
0.594500	5.925002
0.595000	5.907023
0.595500	5.909503
0.596000	5.922522
0.596500	5.933681
0.597000	5.954760
0.597500	5.980799
0.598000	6.011177
0.598500	6.032256
0.599000	6.059534
0.599500	6.089293
0.600000	6.115951
0.600500	6.134550
0.601000	6.153149
0.601500	6.169268
0.602000	6.177328
0.602500	6.172988
0.603000	6.174228
0.603500	6.170508
0.604000	6.154389
0.604500	6.128970
0.605000	6.103552
0.605500	6.075033
0.606000	6.038455
0.606500	6.003118
0.607000	5.967780
0.607500	5.933681
0.608000	5.890284
0.608500	5.853706
0.609000	5.818988
0.609500	5.785510
0.610000	5.760711
0.610500	5.742733
0.611000	5.734053
0.611500	5.727853
0.612000	5.724133
0.612500	5.739633
0.613000	5.761951
0.613500	5.779310
0.614000	5.814648
0.614500	5.865485
0.615000	5.920042
0.615500	5.967160
0.616000	6.024196
0.616500	6.089293
0.617000	6.163068
0.617500	6.234984
0.618000	6.316820
0.618500	6.401755
0.619000	6.488550
0.619500	6.566045
0.620000	6.646641
0.620500	6.728476
0.621000	6.809072
0.621500	6.878508
0.622000	6.944844
0.622500	7.009940
0.623000	7.063257
0.623500	7.104175
0.624000	7.145712
0.624500	7.182290
0.625000	7.208329
0.625500	7.226928
0.626000	7.238707
0.626500	7.252346
0.627000	7.253586
0.627500	7.242427
0.628000	7.229408
0.628500	7.214529
0.629000	7.191590
0.629500	7.157492
0.630000	7.132073
0.630500	7.103555
0.631000	7.065737
0.631500	7.026059
0.632000	6.982662
0.632500	6.948564
0.633000	6.910746
0.633500	6.874788
0.634000	6.847509
0.634500	6.818991
0.635000	6.789853
0.635500	6.758854
0.636000	6.735916
0.636500	6.712357
0.637000	6.686938
0.637500	6.668340
0.638000	6.652841
0.638500	6.639201
0.639000	6.618742
0.639500	6.600763
0.640000	6.592084
0.640500	6.578444
0.641000	6.564806
0.641500	6.559846
0.642000	6.560466
0.642500	6.554266
0.643000	6.550546
0.643500	6.544967
0.644000	6.542487
0.644500	6.536287
0.645000	6.523268
0.645500	6.513349
0.646000	6.502809
0.646500	6.486070
0.647000	6.461271
0.647500	6.435853
0.648000	6.409194
0.648500	6.376336
0.649000	6.340378
0.649500	6.303180
0.650000	6.261023
0.650500	6.225065
0.651000	6.184147
0.651500	6.135790
0.652000	6.089912
0.652500	6.044655
0.653000	5.995678
0.653500	5.953520
0.654000	5.911983
0.654500	5.877264
0.655000	5.838207
0.655500	5.805349
0.656000	5.783650
0.656500	5.765051
0.657000	5.744592
0.657500	5.740872
0.658000	5.737772
0.658500	5.744592
0.659000	5.755132
0.659500	5.764431
0.660000	5.784890
0.660500	5.813408
0.661000	5.848126
0.661500	5.883464
0.662000	5.925622
0.662500	5.973979
0.663000	6.032876
0.663500	6.088673
0.664000	6.146329
0.664500	6.208326
0.665000	6.276522
0.665500	6.338519
0.666000	6.406095
0.666500	6.475531
0.667000	6.544967
0.667500	6.612543
0.668000	6.676399
0.668500	6.734056
0.669000	6.791713
0.669500	6.845029
0.670000	6.892147
0.670500	6.929965
0.671000	6.966543
0.671500	6.998161
0.672000	7.014280
0.672500	7.025439
0.673000	7.038458
0.673500	7.034119
0.674000	7.022959
0.674500	7.009940
0.675000	6.996921
0.675500	6.983282
0.676000	6.957863
0.676500	6.933684
0.677000	6.912606
0.677500	6.890287
0.678000	6.866108
0.678500	6.841310
0.679000	6.828290
0.679500	6.816511
0.680000	6.800392
0.680500	6.784273
0.681000	6.774354
0.681500	6.768154
0.682000	6.755135
0.682500	6.747695
0.683000	6.744595
0.683500	6.743355
0.684000	6.740875
0.684500	6.738396
0.685000	6.732816
0.685500	6.732816
0.686000	6.734676
0.686500	6.730956
0.687000	6.733436
0.687500	6.735916
0.688000	6.739016
0.688500	6.733436
0.689000	6.730336
0.689500	6.724136
0.690000	6.714837
0.690500	6.692518
0.691000	6.672679
0.691500	6.647261
0.692000	6.619982
0.692500	6.586504
0.693000	6.547446
0.693500	6.501569
0.694000	6.460032
0.694500	6.412294
0.695000	6.359597
0.695500	6.312480
0.696000	6.267842
0.696500	6.225065
0.697000	6.180428
0.697500	6.146329
0.698000	6.114711
0.698500	6.083713
0.699000	6.062014
0.699500	6.037836
0.700000	6.019237
0.700500	6.004357
0.701000	5.992578
0.701500	5.983899
0.702000	5.977079
0.702500	5.969639
0.703000	5.965919
0.703500	5.964060
0.704000	5.954140
0.704500	5.964060
0.705000	5.982038
0.705500	5.998158
0.706000	6.016137
0.706500	6.041555
0.707000	6.073793
0.707500	6.103552
0.708000	6.138890
0.708500	6.177948
0.709000	6.221345
0.709500	6.261023
0.710000	6.299460
0.710500	6.327979
0.711000	6.367657
0.711500	6.403615
0.712000	6.431513
0.712500	6.455692
0.713000	6.492270
0.713500	6.522648
0.714000	6.553646
0.714500	6.587124
0.715000	6.623702
0.715500	6.659660
0.716000	6.689418
0.716500	6.715457
0.717000	6.733436
0.717500	6.758235
0.718000	6.780553
0.718500	6.789853
0.719000	6.784273
0.719500	6.786133
0.720000	6.781793
0.720500	6.763814
0.721000	6.745215
0.721500	6.730956
0.722000	6.714217
0.722500	6.696238
0.723000	6.677019
0.723500	6.654080
0.724000	6.635481
0.724500	6.613783
0.725000	6.592704
0.725500	6.573485
0.726000	6.551786
0.726500	6.537527
0.727000	6.520168
0.727500	6.504049
0.728000	6.494750
0.728500	6.486690
0.729000	6.486070
0.729500	6.478631
0.730000	6.479870
0.730500	6.486070
0.731000	6.500329
0.731500	6.510869
0.732000	6.518928
0.732500	6.538767
0.733000	6.564186
0.733500	6.583405
0.734000	6.602004
0.734500	6.624322
0.735000	6.650980
0.735500	6.673299
0.736000	6.690658
0.736500	6.704298
0.737000	6.720417
0.737500	6.732196
0.738000	6.736536
0.738500	6.739016
0.739000	6.735916
0.739500	6.734676
0.740000	6.724756
0.740500	6.710497
0.741000	6.694998
0.741500	6.679499
0.742000	6.664620
0.742500	6.636101
0.743000	6.611303
0.743500	6.584024
0.744000	6.557366
0.744500	6.526988
0.745000	6.491650
0.745500	6.463751
0.746000	6.437713
0.746500	6.411054
0.747000	6.378196
0.747500	6.345958
0.748000	6.323639
0.748500	6.301940
0.749000	6.277142
0.749500	6.256683
0.750000	6.241184
0.750500	6.230024
0.751000	6.221345
0.751500	6.207706
0.752000	6.203986
0.752500	6.202746
0.753000	6.205226
0.753500	6.207086
0.754000	6.208946
0.754500	6.214525
0.755000	6.225065
0.755500	6.232504
0.756000	6.234984
0.756500	6.242424
0.757000	6.248623
0.757500	6.259163
0.758000	6.265363
0.758500	6.278382
0.759000	6.292021
0.759500	6.303801
0.760000	6.316200
0.760500	6.325499
0.761000	6.335419
0.761500	6.348438
0.762000	6.361457
0.762500	6.370757
0.763000	6.381916
0.763500	6.389976
0.764000	6.402375
0.764500	6.412294
0.765000	6.415394
0.765500	6.420354
0.766000	6.429033
0.766500	6.438952
0.767000	6.446392
0.767500	6.454452
0.768000	6.466231
0.768500	6.474911
0.769000	6.487310
0.769500	6.493510
0.770000	6.502809
0.770500	6.510249
0.771000	6.521408
0.771500	6.533187
0.772000	6.541867
0.772500	6.550546
0.773000	6.562945
0.773500	6.568525
0.774000	6.577205
0.774500	6.587124
0.775000	6.596424
0.775500	6.606963
0.776000	6.618742
0.776500	6.631142
0.777000	6.642921
0.777500	6.654080
0.778000	6.665860
0.778500	6.678259
0.779000	6.690658
0.779500	6.699338
0.780000	6.710497
0.780500	6.722277
0.781000	6.725376
0.781500	6.730956
0.782000	6.727236
0.782500	6.729716
0.783000	6.729096
0.783500	6.724136
0.784000	6.714837
0.784500	6.711117
0.785000	6.703058
0.785500	6.693758
0.786000	6.679499
0.786500	6.665240
0.787000	6.652220
0.787500	6.637341
0.788000	6.615643
0.788500	6.594564
0.789000	6.571005
0.789500	6.551166
0.790000	6.530707
0.790500	6.500329
0.791000	6.475531
0.791500	6.455692
0.792000	6.435853
0.792500	6.409814
0.793000	6.395555
0.793500	6.374476
0.794000	6.362077
0.794500	6.349058
0.795000	6.332939
0.795500	6.328599
0.796000	6.323639
0.796500	6.321159
0.797000	6.325499
0.797500	6.323639
0.798000	6.327359
0.798500	6.334178
0.799000	6.345958
0.799500	6.354018
0.800000	6.366417
0.800500	6.378196
0.801000	6.397415
0.801500	6.413534
0.802000	6.429033
0.802500	6.443293
0.803000	6.458171
0.803500	6.475531
0.804000	6.491030
0.804500	6.501569
0.805000	6.512728
0.805500	6.524508
0.806000	6.533187
0.806500	6.538767
0.807000	6.540627
0.807500	6.538147
0.808000	6.541247
0.808500	6.540627
0.809000	6.535047
0.809500	6.527607
0.810000	6.518308
0.810500	6.507769
0.811000	6.499089
0.811500	6.483590
0.812000	6.469951
0.812500	6.456932
0.813000	6.444532
0.813500	6.427794
0.814000	6.412294
0.814500	6.396795
0.815000	6.383776
0.815500	6.369517
0.816000	6.355258
0.816500	6.345958
0.817000	6.332319
0.817500	6.331079
0.818000	6.324259
0.818500	6.319300
0.819000	6.311240
0.819500	6.310620
0.820000	6.309380
0.820500	6.311240
0.821000	6.314340
0.821500	6.318059
0.822000	6.324259
0.822500	6.331079
0.823000	6.340998
0.823500	6.350918
0.824000	6.363317
0.824500	6.380676
0.825000	6.393695
0.825500	6.408575
0.826000	6.430893
0.826500	6.451972
0.827000	6.471191
0.827500	6.489790
0.828000	6.509009
0.828500	6.531947
0.829000	6.554886
0.829500	6.573485
0.830000	6.590844
0.830500	6.607583
0.831000	6.626802
0.831500	6.642921
0.832000	6.650980
0.832500	6.667099
0.833000	6.680119
0.833500	6.691278
0.834000	6.698098
0.834500	6.704298
0.835000	6.709877
0.835500	6.711117
0.836000	6.711117
0.836500	6.708637
0.837000	6.704298
0.837500	6.696238
0.838000	6.688798
0.838500	6.680119
0.839000	6.667719
0.839500	6.651600
0.840000	6.640441
0.840500	6.621842
0.841000	6.604483
0.841500	6.588984
0.842000	6.572245
0.842500	6.553646
0.843000	6.544967
0.843500	6.528227
0.844000	6.513349
0.844500	6.499089
0.845000	6.485450
0.845500	6.476151
0.846000	6.468091
0.846500	6.455692
0.847000	6.450112
0.847500	6.442052
0.848000	6.438952
0.848500	6.429033
0.849000	6.422214
0.849500	6.420354
0.850000	6.420354
0.850500	6.416634
0.851000	6.416014
0.851500	6.414774
0.852000	6.416014
0.852500	6.413534
0.853000	6.414154
0.853500	6.409194
0.854000	6.403615
0.854500	6.401135
0.855000	6.398035
0.855500	6.394935
0.856000	6.388735
0.856500	6.381296
0.857000	6.372616
0.857500	6.366417
0.858000	6.358977
0.858500	6.353397
0.859000	6.347818
0.859500	6.334178
0.860000	6.330459
0.860500	6.323019
0.861000	6.313100
0.861500	6.307520
0.862000	6.301940
0.862500	6.300081
0.863000	6.297601
0.863500	6.291401
0.864000	6.290161
0.864500	6.291401
0.865000	6.293261
0.865500	6.290781
0.866000	6.295741
0.866500	6.304420
0.867000	6.310620
0.867500	6.322399
0.868000	6.332319
0.868500	6.346578
0.869000	6.358977
0.869500	6.376336
0.870000	6.390595
0.870500	6.407334
0.871000	6.425313
0.871500	6.442672
0.872000	6.460032
0.872500	6.478011
0.873000	6.498469
0.873500	6.512108
0.874000	6.528848
0.874500	6.549306
0.875000	6.564806
0.875500	6.582164
0.876000	6.598904
0.876500	6.615023
0.877000	6.631142
0.877500	6.639821
0.878000	6.652220
0.878500	6.661520
0.879000	6.671439
0.879500	6.678879
0.880000	6.685699
0.880500	6.690658
0.881000	6.690658
0.881500	6.694998
0.882000	6.690038
0.882500	6.687559
0.883000	6.682599
0.883500	6.675779
0.884000	6.669580
0.884500	6.665240
0.885000	6.657180
0.885500	6.649741
0.886000	6.637961
0.886500	6.629282
0.887000	6.618123
0.887500	6.606343
0.888000	6.595804
0.888500	6.584644
0.889000	6.575965
0.889500	6.567286
0.890000	6.557986
0.890500	6.546826
0.891000	6.538147
0.891500	6.535047
0.892000	6.528848
0.892500	6.523268
0.893000	6.525128
0.893500	6.522648
0.894000	6.523268
0.894500	6.521408
0.895000	6.523888
0.895500	6.525128
0.896000	6.530707
0.896500	6.531947
0.897000	6.533187
0.897500	6.534427
0.898000	6.538147
0.898500	6.537527
0.899000	6.535047
0.899500	6.535047
0.900000	6.533807
0.900500	6.531327
0.901000	6.528848
0.901500	6.524508
0.902000	6.518928
0.902500	6.511488
0.903000	6.504669
0.903500	6.492889
0.904000	6.485450
0.904500	6.472431
0.905000	6.459412
0.905500	6.445772
0.906000	6.429033
0.906500	6.414774
0.907000	6.392455
0.907500	6.377576
0.908000	6.360837
0.908500	6.344098
0.909000	6.329219
0.909500	6.310000
0.910000	6.298221
0.910500	6.281482
0.911000	6.269702
0.911500	6.258543
0.912000	6.250484
0.912500	6.243044
0.913000	6.240564
0.913500	6.235604
0.914000	6.231265
0.914500	6.234984
0.915000	6.238084
0.915500	6.235604
0.916000	6.244284
0.916500	6.252343
0.917000	6.264742
0.917500	6.277142
0.918000	6.292641
0.918500	6.308760
0.919000	6.324879
0.919500	6.344098
0.920000	6.363937
0.920500	6.383776
0.921000	6.405475
0.921500	6.425933
0.922000	6.447632
0.922500	6.469331
0.923000	6.490410
0.923500	6.507769
0.924000	6.523888
0.924500	6.541247
0.925000	6.561706
0.925500	6.578444
0.926000	6.594564
0.926500	6.608823
0.927000	6.620602
0.927500	6.631762
0.928000	6.641061
0.928500	6.648501
0.929000	6.654700
0.929500	6.661520
0.930000	6.665240
0.930500	6.666480
0.931000	6.666480
0.931500	6.664620
0.932000	6.657800
0.932500	6.652841
0.933000	6.649121
0.933500	6.643541
0.934000	6.635481
0.934500	6.631142
0.935000	6.623702
0.935500	6.617503
0.936000	6.609443
0.936500	6.602623
0.937000	6.594564
0.937500	6.588984
0.938000	6.580925
0.938500	6.575965
0.939000	6.570385
0.939500	6.566045
0.940000	6.561086
0.940500	6.550546
0.941000	6.548067
0.941500	6.542487
0.942000	6.540627
0.942500	6.534427
0.943000	6.535667
0.943500	6.532568
0.944000	6.528227
0.944500	6.523268
0.945000	6.520788
0.945500	6.519548
0.946000	6.513968
0.946500	6.509629
0.947000	6.502189
0.947500	6.496609
0.948000	6.491650
0.948500	6.480490
0.949000	6.469331
0.949500	6.460651
0.950000	6.449492
0.950500	6.438952
0.951000	6.430273
0.951500	6.418494
0.952000	6.406714
0.952500	6.394935
0.953000	6.381296
0.953500	6.369517
0.954000	6.360217
0.954500	6.346578
0.955000	6.335419
0.955500	6.326119
0.956000	6.315580
0.956500	6.308760
0.957000	6.296981
0.957500	6.290781
0.958000	6.284582
0.958500	6.281482
0.959000	6.283961
0.959500	6.279002
0.960000	6.281482
0.960500	6.286441
0.961000	6.290161
0.961500	6.296361
0.962000	6.303801
0.962500	6.315580
0.963000	6.327979
0.963500	6.336658
0.964000	6.350918
0.964500	6.365177
0.965000	6.381296
0.965500	6.392455
0.966000	6.407954
0.966500	6.422214
0.967000	6.438952
0.967500	6.456932
0.968000	6.473670
0.968500	6.490410
0.969000	6.504669
0.969500	6.520168
0.970000	6.533807
0.970500	6.547446
0.971000	6.559846
0.971500	6.571005
0.972000	6.579685
0.972500	6.590224
0.973000	6.599524
0.973500	6.603243
0.974000	6.608203
0.974500	6.613163
0.975000	6.616882
0.975500	6.622462
0.976000	6.622462
0.976500	6.625562
0.977000	6.626182
0.977500	6.624942
0.978000	6.622462
0.978500	6.621842
0.979000	6.621842
0.979500	6.619362
0.980000	6.616882
0.980500	6.612543
0.981000	6.610683
0.981500	6.608203
0.982000	6.600143
0.982500	6.596424
0.983000	6.593324
0.983500	6.590224
0.984000	6.586504
0.984500	6.584024
0.985000	6.584644
0.985500	6.579685
0.986000	6.578444
0.986500	6.577825
0.987000	6.573485
0.987500	6.573485
0.988000	6.570385
0.988500	6.569765
0.989000	6.569145
0.989500	6.564806
0.990000	6.564186
0.990500	6.554886
0.991000	6.556126
0.991500	6.551166
0.992000	6.546206
0.992500	6.538767
0.993000	6.537527
0.993500	6.533807
0.994000	6.526988
0.994500	6.517688
0.995000	6.511488
0.995500	6.500329
0.996000	6.494130
0.996500	6.485450
0.997000	6.473670
0.997500	6.461271
0.998000	6.449492
0.998500	6.434613
0.999000	6.420354
0.999500	6.407334
1.000000	6.393075
1.000500	6.380676
1.001000	6.366417
1.001500	6.355258
1.002000	6.344718
1.002500	6.333559
1.003000	6.321779
1.003500	6.312480
1.004000	6.303180
1.004500	6.298221
1.005000	6.290781
1.005500	6.287061
1.006000	6.280862
1.006500	6.280241
1.007000	6.275282
1.007500	6.276522
1.008000	6.278382
1.008500	6.281482
1.009000	6.290781
1.009500	6.295741
1.010000	6.305660
1.010500	6.314340
1.011000	6.324879
1.011500	6.334178
1.012000	6.344718
1.012500	6.362077
1.013000	6.376336
1.013500	6.386256
1.014000	6.399895
1.014500	6.415394
1.015000	6.429653
1.015500	6.440193
1.016000	6.451352
1.016500	6.466851
1.017000	6.476770
1.017500	6.489170
1.018000	6.500949
1.018500	6.513349
1.019000	6.526368
1.019500	6.533187
1.020000	6.543107
1.020500	6.552406
1.021000	6.560466
1.021500	6.564806
1.022000	6.572865
1.022500	6.577825
1.023000	6.585264
1.023500	6.587744
1.024000	6.588364
1.024500	6.591464
1.025000	6.594564
1.025500	6.597044
1.026000	6.601383
1.026500	6.601383
1.027000	6.604483
1.027500	6.604483
1.028000	6.603243
1.028500	6.602623
1.029000	6.606963
1.029500	6.606343
1.030000	6.605723
1.030500	6.605103
1.031000	6.602623
1.031500	6.602004
1.032000	6.595804
1.032500	6.593324
1.033000	6.591464
1.033500	6.587744
1.034000	6.585264
1.034500	6.584644
1.035000	6.581544
1.035500	6.579065
1.036000	6.574725
1.036500	6.571625
1.037000	6.567905
1.037500	6.562325
1.038000	6.560466
1.038500	6.557366
1.039000	6.551786
1.039500	6.546206
1.040000	6.542487
1.040500	6.533807
1.041000	6.526988
1.041500	6.523268
1.042000	6.518308
1.042500	6.508389
1.043000	6.506529
1.043500	6.499709
1.044000	6.492270
1.044500	6.486690
1.045000	6.478011
1.045500	6.472431
1.046000	6.463751
1.046500	6.456932
1.047000	6.448872
1.047500	6.441432
1.048000	6.433373
1.048500	6.423453
1.049000	6.413534
1.049500	6.405475
1.050000	6.398035
1.050500	6.388735
1.051000	6.385016
1.051500	6.377576
1.052000	6.370757
1.052500	6.363937
1.053000	6.361457
1.053500	6.358977
1.054000	6.354018
1.054500	6.353397
1.055000	6.352158
1.055500	6.350918
1.056000	6.354638
1.056500	6.354638
1.057000	6.354638
1.057500	6.355877
1.058000	6.361457
1.058500	6.369517
1.059000	6.376336
1.059500	6.380676
1.060000	6.388735
1.060500	6.396175
1.061000	6.406095
1.061500	6.411054
1.062000	6.419734
1.062500	6.430893
1.063000	6.440193
1.063500	6.448252
1.064000	6.456312
1.064500	6.464991
1.065000	6.473670
1.065500	6.477390
1.066000	6.484830
1.066500	6.490410
1.067000	6.494130
1.067500	6.501569
1.068000	6.505909
1.068500	6.511488
1.069000	6.516448
1.069500	6.520168
1.070000	6.523268
1.070500	6.526368
1.071000	6.530087
1.071500	6.534427
1.072000	6.536287
1.072500	6.539387
1.073000	6.541867
1.073500	6.543726
1.074000	6.541247
1.074500	6.544347
1.075000	6.547446
1.075500	6.549306
1.076000	6.553026
1.076500	6.554886
1.077000	6.558606
1.077500	6.561086
1.078000	6.562325
1.078500	6.562325
1.079000	6.566665
1.079500	6.571625
1.080000	6.573485
1.080500	6.573485
1.081000	6.575345
1.081500	6.577825
1.082000	6.574105
1.082500	6.574725
1.083000	6.574105
1.083500	6.571005
1.084000	6.572865
1.084500	6.571625
1.085000	6.571625
1.085500	6.569765
1.086000	6.567905
1.086500	6.565425
1.087000	6.560466
1.087500	6.557986
1.088000	6.551786
1.088500	6.549926
1.089000	6.543726
1.089500	6.538147
1.090000	6.532568
1.090500	6.521408
1.091000	6.517068
1.091500	6.508389
1.092000	6.501569
1.092500	6.491650
1.093000	6.487310
1.093500	6.481110
1.094000	6.474291
1.094500	6.466851
1.095000	6.458792
1.095500	6.451352
1.096000	6.444532
1.096500	6.438333
1.097000	6.430273
1.097500	6.424074
1.098000	6.417254
1.098500	6.410434
1.099000	6.400515
1.099500	6.395555
1.100000	6.390595
1.100500	6.387496
1.101000	6.383776
1.101500	6.381916
1.102000	6.380676
1.102500	6.378816
1.103000	6.378196
1.103500	6.380056
1.104000	6.380056
1.104500	6.382536
1.105000	6.386876
1.105500	6.389976
1.106000	6.394935
1.106500	6.398655
1.107000	6.398035
1.107500	6.402995
1.108000	6.411054
1.108500	6.417874
1.109000	6.426553
1.109500	6.429033
1.110000	6.438333
1.110500	6.444532
1.111000	6.451972
1.111500	6.454452
1.112000	6.460651
1.112500	6.469951
1.113000	6.474291
1.113500	6.474911
1.114000	6.478631
1.114500	6.481730
1.115000	6.484210
1.115500	6.480490
1.116000	6.482350
1.116500	6.483590
1.117000	6.483590
1.117500	6.485450
1.118000	6.482970
1.118500	6.482970
1.119000	6.481730
1.119500	6.479870
1.120000	6.480490
1.120500	6.479250
1.121000	6.476770
1.121500	6.478011
1.122000	6.477390
1.122500	6.476151
1.123000	6.477390
1.123500	6.476151
1.124000	6.474291
1.124500	6.479250
1.125000	6.479250
1.125500	6.481110
1.126000	6.486070
1.126500	6.489790
1.127000	6.493510
1.127500	6.497229
1.128000	6.501569
1.128500	6.505289
1.129000	6.513968
1.129500	6.518928
1.130000	6.522028
1.130500	6.526368
1.131000	6.530087
1.131500	6.533187
1.132000	6.532568
1.132500	6.534427
1.133000	6.539387
1.133500	6.538767
1.134000	6.540007
1.134500	6.543726
1.135000	6.544967
1.135500	6.543726
1.136000	6.543107
1.136500	6.541247
1.137000	6.540627
1.137500	6.538767
1.138000	6.536287
1.138500	6.535047
1.139000	6.532568
1.139500	6.528848
1.140000	6.525748
1.140500	6.515828
1.141000	6.512728
1.141500	6.508389
1.142000	6.504669
1.142500	6.500329
1.143000	6.497849
1.143500	6.495369
1.144000	6.492270
1.144500	6.486070
1.145000	6.482970
1.145500	6.480490
1.146000	6.479250
1.146500	6.479250
1.147000	6.473670
1.147500	6.470571
1.148000	6.468711
1.148500	6.466231
1.149000	6.458171
1.149500	6.455692
1.150000	6.453832
1.150500	6.453212
1.151000	6.451352
1.151500	6.448252
1.152000	6.449492
1.152500	6.448872
1.153000	6.445772
1.153500	6.447012
1.154000	6.445152
1.154500	6.443913
1.155000	6.442052
1.155500	6.444532
1.156000	6.443293
1.156500	6.443293
1.157000	6.436473
1.157500	6.437713
1.158000	6.438333
1.158500	6.439573
1.159000	6.441432
1.159500	6.438952
1.160000	6.441432
1.160500	6.442672
1.161000	6.443913
1.161500	6.442052
1.162000	6.443913
1.162500	6.447012
1.163000	6.448872
1.163500	6.445772
1.164000	6.448872
1.164500	6.448252
1.165000	6.450112
1.165500	6.448252
1.166000	6.447012
1.166500	6.450112
1.167000	6.451352
1.167500	6.453212
1.168000	6.453832
1.168500	6.457551
1.169000	6.460032
1.169500	6.463131
1.170000	6.466231
1.170500	6.469951
1.171000	6.473051
1.171500	6.476151
1.172000	6.481730
1.172500	6.484830
1.173000	6.491030
1.173500	6.494130
1.174000	6.495369
1.174500	6.500329
1.175000	6.505289
1.175500	6.512728
1.176000	6.517688
1.176500	6.521408
1.177000	6.526368
1.177500	6.529468
1.178000	6.533807
1.178500	6.538147
1.179000	6.543726
1.179500	6.549306
1.180000	6.549926
1.180500	6.552406
1.181000	6.551166
1.181500	6.551786
1.182000	6.548067
1.182500	6.548067
1.183000	6.543107
1.183500	6.540627
1.184000	6.537527
1.184500	6.538147
1.185000	6.533807
1.185500	6.531327
1.186000	6.528227
1.186500	6.525128
1.187000	6.519548
1.187500	6.516448
1.188000	6.512728
1.188500	6.510869
1.189000	6.504669
1.189500	6.502189
1.190000	6.499089
1.190500	6.493510
1.191000	6.491650
1.191500	6.489170
1.192000	6.490410
1.192500	6.486690
1.193000	6.489790
1.193500	6.488550
1.194000	6.489790
1.194500	6.489170
1.195000	6.488550
1.195500	6.491030
1.196000	6.492270
1.196500	6.495989
1.197000	6.494130
1.197500	6.496609
1.198000	6.499089
1.198500	6.497229
1.199000	6.496609
1.199500	6.495989
1.200000	6.495369
1.200500	6.496609
1.201000	6.494750
1.201500	6.494750
1.202000	6.494130
1.202500	6.492889
1.203000	6.491030
1.203500	6.491650
1.204000	6.489170
1.204500	6.486690
1.205000	6.484210
1.205500	6.482970
1.206000	6.479250
1.206500	6.477390
1.207000	6.469951
1.207500	6.466851
1.208000	6.464371
1.208500	6.463131
1.209000	6.461891
1.209500	6.455072
1.210000	6.456312
1.210500	6.452592
1.211000	6.450112
1.211500	6.446392
1.212000	6.445152
1.212500	6.446392
1.213000	6.444532
1.213500	6.440193
1.214000	6.440813
1.214500	6.440813
1.215000	6.439573
1.215500	6.434613
1.216000	6.433993
1.216500	6.434613
1.217000	6.433373
1.217500	6.434613
1.218000	6.435233
1.218500	6.437713
1.219000	6.437713
1.219500	6.440193
1.220000	6.440193
1.220500	6.441432
1.221000	6.444532
1.221500	6.448252
1.222000	6.451972
1.222500	6.451972
1.223000	6.458171
1.223500	6.458171
1.224000	6.461271
1.224500	6.464991
1.225000	6.468091
1.225500	6.473051
1.226000	6.477390
1.226500	6.480490
1.227000	6.486690
1.227500	6.489790
1.228000	6.494130
1.228500	6.497229
1.229000	6.502189
1.229500	6.506529
1.230000	6.509009
1.230500	6.510869
1.231000	6.514588
1.231500	6.515208
1.232000	6.512728
1.232500	6.515208
1.233000	6.512728
1.233500	6.513968
1.234000	6.514588
1.234500	6.516448
1.235000	6.513968
1.235500	6.514588
1.236000	6.515208
1.236500	6.514588
1.237000	6.513349
1.237500	6.510869
1.238000	6.511488
1.238500	6.510249
1.239000	6.509009
1.239500	6.507769
1.240000	6.506529
1.240500	6.502189
1.241000	6.500949
1.241500	6.498469
1.242000	6.500329
1.242500	6.495369
1.243000	6.497229
1.243500	6.496609
1.244000	6.496609
1.244500	6.493510
1.245000	6.492889
1.245500	6.490410
1.246000	6.491030
1.246500	6.491030
1.247000	6.487930
1.247500	6.485450
1.248000	6.482350
1.248500	6.481110
1.249000	6.475531
1.249500	6.471191
1.250000	6.468091
1.250500	6.464991
1.251000	6.463131
1.251500	6.458792
1.252000	6.456312
1.252500	6.451352
1.253000	6.451352
1.253500	6.447012
1.254000	6.443293
1.254500	6.442052
1.255000	6.440193
1.255500	6.438333
1.256000	6.436473
1.256500	6.436473
1.257000	6.430893
1.257500	6.429653
1.258000	6.430273
1.258500	6.432753
1.259000	6.434613
1.259500	6.433993
1.260000	6.438952
1.260500	6.439573
1.261000	6.441432
1.261500	6.445152
1.262000	6.447012
1.262500	6.456932
1.263000	6.458792
1.263500	6.461271
1.264000	6.466851
1.264500	6.469951
1.265000	6.475531
1.265500	6.473670
1.266000	6.476770
1.266500	6.481730
1.267000	6.485450
1.267500	6.488550
1.268000	6.492270
1.268500	6.497229
1.269000	6.500329
1.269500	6.501569
1.270000	6.505289
1.270500	6.508389
1.271000	6.513349
1.271500	6.514588
1.272000	6.516448
1.272500	6.518308
1.273000	6.521408
1.273500	6.523268
1.274000	6.519548
1.274500	6.523888
1.275000	6.524508
1.275500	6.526988
1.276000	6.527607
1.276500	6.528848
1.277000	6.531327
1.277500	6.531327
1.278000	6.532568
1.278500	6.531327
1.279000	6.536287
1.279500	6.533807
1.280000	6.534427
1.280500	6.533807
1.281000	6.533187
1.281500	6.532568
1.282000	6.528227
1.282500	6.524508
1.283000	6.523888
1.283500	6.522648
1.284000	6.520788
1.284500	6.520788
1.285000	6.518308
1.285500	6.516448
1.286000	6.514588
1.286500	6.513968
1.287000	6.513968
1.287500	6.510249
1.288000	6.509629
1.288500	6.509009
1.289000	6.507149
1.289500	6.505289
1.290000	6.505289
1.290500	6.499089
1.291000	6.500329
1.291500	6.497229
1.292000	6.499089
1.292500	6.495989
1.293000	6.497849
1.293500	6.498469
1.294000	6.497849
1.294500	6.497229
1.295000	6.494130
1.295500	6.494130
1.296000	6.492270
1.296500	6.495369
1.297000	6.489790
1.297500	6.485450
1.298000	6.482970
1.298500	6.481110
1.299000	6.473051
1.299500	6.468711
1.300000	6.463751
1.300500	6.458792
1.301000	6.455692
1.301500	6.448872
1.302000	6.444532
1.302500	6.438952
1.303000	6.434613
1.303500	6.428413
1.304000	6.425313
1.304500	6.419114
1.305000	6.416014
1.305500	6.413534
1.306000	6.408575
1.306500	6.404855
1.307000	6.399895
1.307500	6.396795
1.308000	6.396795
1.308500	6.394935
1.309000	6.398035
1.309500	6.396795
1.310000	6.399895
1.310500	6.402375
1.311000	6.403615
1.311500	6.404855
1.312000	6.408575
1.312500	6.418494
1.313000	6.420974
1.313500	6.424074
1.314000	6.430273
1.314500	6.435853
1.315000	6.439573
1.315500	6.442672
1.316000	6.445772
1.316500	6.453212
1.317000	6.456932
1.317500	6.462512
1.318000	6.469331
1.318500	6.474911
1.319000	6.479870
1.319500	6.487310
1.320000	6.490410
1.320500	6.495369
1.321000	6.501569
1.321500	6.505909
1.322000	6.512728
1.322500	6.516448
1.323000	6.519548
1.323500	6.522648
1.324000	6.525128
1.324500	6.528227
1.325000	6.531947
1.325500	6.535667
1.326000	6.541247
1.326500	6.541867
1.327000	6.546206
1.327500	6.548687
1.328000	6.550546
1.328500	6.553026
1.329000	6.556746
1.329500	6.558606
1.330000	6.559226
1.330500	6.557366
1.331000	6.559226
1.331500	6.557366
1.332000	6.555506
1.332500	6.552406
1.333000	6.550546
1.333500	6.548067
1.334000	6.546206
1.334500	6.543726
1.335000	6.540627
1.335500	6.536287
1.336000	6.535047
1.336500	6.530087
1.337000	6.525748
1.337500	6.521408
1.338000	6.517068
1.338500	6.512108
1.339000	6.507149
1.339500	6.501569
1.340000	6.497229
1.340500	6.486690
1.341000	6.482350
1.341500	6.474911
1.342000	6.473051
1.342500	6.464991
1.343000	6.461891
1.343500	6.458171
1.344000	6.455692
1.344500	6.451352
1.345000	6.443913
1.345500	6.441432
1.346000	6.439573
1.346500	6.438333
1.347000	6.430273
1.347500	6.426553
1.348000	6.425933
1.348500	6.422214
1.349000	6.415394
1.349500	6.412294
1.350000	6.408575
1.350500	6.407954
1.351000	6.407334
1.351500	6.404855
1.352000	6.407334
1.352500	6.404855
1.353000	6.405475
1.353500	6.408575
1.354000	6.409194
1.354500	6.411674
1.355000	6.414774
1.355500	6.416634
1.356000	6.420974
1.356500	6.426553
1.357000	6.424694
1.357500	6.430273
1.358000	6.435233
1.358500	6.443293
1.359000	6.450732
1.359500	6.455072
1.360000	6.463751
1.360500	6.470571
1.361000	6.477390
1.361500	6.482350
1.362000	6.487930
1.362500	6.501569
1.363000	6.505909
1.363500	6.510869
1.364000	6.516448
1.364500	6.522648
1.365000	6.528227
1.365500	6.526368
1.366000	6.532568
1.366500	6.535667
1.367000	6.536287
1.367500	6.541247
1.368000	6.540627
1.368500	6.541867
1.369000	6.543726
1.369500	6.542487
1.370000	6.542487
1.370500	6.542487
1.371000	6.541867
1.371500	6.540007
1.372000	6.538767
1.372500	6.536287
1.373000	6.534427
1.373500	6.532568
1.374000	6.525748
1.374500	6.522028
1.375000	6.519548
1.375500	6.517068
1.376000	6.518928
1.376500	6.517068
1.377000	6.515208
1.377500	6.512728
1.378000	6.510249
1.378500	6.509629
1.379000	6.509629
1.379500	6.507769
1.380000	6.507769
1.380500	6.506529
1.381000	6.504669
1.381500	6.504049
1.382000	6.498469
1.382500	6.495989
1.383000	6.493510
1.383500	6.491030
1.384000	6.488550
1.384500	6.486690
1.385000	6.486070
1.385500	6.482350
1.386000	6.478631
1.386500	6.477390
1.387000	6.474911
1.387500	6.471811
1.388000	6.468091
1.388500	6.466231
1.389000	6.464991
1.389500	6.460651
1.390000	6.457551
1.390500	6.450732
1.391000	6.450112
1.391500	6.445152
1.392000	6.444532
1.392500	6.442672
1.393000	6.443913
1.393500	6.443293
1.394000	6.440813
1.394500	6.438333
1.395000	6.436473
1.395500	6.437093
1.396000	6.437713
1.396500	6.439573
1.397000	6.437713
1.397500	6.437713
1.398000	6.437093
1.398500	6.438333
1.399000	6.432753
1.399500	6.435233
1.400000	6.435233
1.400500	6.433993
1.401000	6.435853
1.401500	6.437093
1.402000	6.440193
1.402500	6.442052
1.403000	6.444532
1.403500	6.444532
1.404000	6.448872
1.404500	6.451972
1.405000	6.456312
1.405500	6.458792
1.406000	6.461271
1.406500	6.466231
1.407000	6.466231
1.407500	6.469331
1.408000	6.474911
1.408500	6.481110
1.409000	6.486070
1.409500	6.490410
1.410000	6.497229
1.410500	6.500329
1.411000	6.507149
1.411500	6.510869
1.412000	6.515208
1.412500	6.523888
1.413000	6.526368
1.413500	6.527607
1.414000	6.533807
1.414500	6.536287
1.415000	6.537527
1.415500	6.534427
1.416000	6.536287
1.416500	6.537527
1.417000	6.538147
1.417500	6.539387
1.418000	6.539387
1.418500	6.538767
1.419000	6.536907
1.419500	6.538147
1.420000	6.535047
1.420500	6.536287
1.421000	6.535047
1.421500	6.530707
1.422000	6.531327
1.422500	6.529468
1.423000	6.526368
1.423500	6.525748
1.424000	6.520168
1.424500	6.517688
1.425000	6.516448
1.425500	6.514588
1.426000	6.513968
1.426500	6.511488
1.427000	6.509009
1.427500	6.509009
1.428000	6.506529
1.428500	6.504049
1.429000	6.502809
1.429500	6.503429
1.430000	6.500949
1.430500	6.498469
1.431000	6.496609
1.431500	6.494130
1.432000	6.485450
1.432500	6.482970
1.433000	6.479250
1.433500	6.474291
1.434000	6.469951
1.434500	6.468711
1.435000	6.464371
1.435500	6.461271
1.436000	6.456932
1.436500	6.453212
1.437000	6.447012
1.437500	6.445772
1.438000	6.441432
1.438500	6.438333
1.439000	6.436473
1.439500	6.433993
1.440000	6.432753
1.440500	6.425933
1.441000	6.423453
1.441500	6.423453
1.442000	6.423453
1.442500	6.422214
1.443000	6.425313
1.443500	6.428413
1.444000	6.429033
1.444500	6.432133
1.445000	6.435853
1.445500	6.438952
1.446000	6.444532
1.446500	6.450732
1.447000	6.451972
1.447500	6.458171
1.448000	6.463131
1.448500	6.468711
1.449000	6.469331
1.449500	6.474911
1.450000	6.478631
1.450500	6.484830
1.451000	6.491030
1.451500	6.496609
1.452000	6.500949
1.452500	6.507149
1.453000	6.509009
1.453500	6.514588
1.454000	6.517068
1.454500	6.520168
1.455000	6.525128
1.455500	6.526988
1.456000	6.528227
1.456500	6.531327
1.457000	6.528227
1.457500	6.528227
1.458000	6.530707
1.458500	6.531327
1.459000	6.533187
1.459500	6.531327
1.460000	6.532568
1.460500	6.530707
1.461000	6.530707
1.461500	6.528848
1.462000	6.525128
1.462500	6.528227
1.463000	6.523888
1.463500	6.517688
1.464000	6.516448
1.464500	6.512108
1.465000	6.509009
1.465500	6.501569
1.466000	6.496609
1.466500	6.493510
1.467000	6.487310
1.467500	6.482970
1.468000	6.479250
1.468500	6.475531
1.469000	6.473051
1.469500	6.468091
1.470000	6.461891
1.470500	6.460032
1.471000	6.456312
1.471500	6.453212
1.472000	6.449492
1.472500	6.447012
1.473000	6.444532
1.473500	6.442672
1.474000	6.437093
1.474500	6.435233
1.475000	6.436473
1.475500	6.435853
1.476000	6.438952
1.476500	6.435853
1.477000	6.436473
1.477500	6.440193
1.478000	6.439573
1.478500	6.437713
1.479000	6.442672
1.479500	6.443913
1.480000	6.445772
1.480500	6.448252
1.481000	6.449492
1.481500	6.450732
1.482000	6.449492
1.482500	6.450732
1.483000	6.452592
1.483500	6.451972
1.484000	6.453212
1.484500	6.455692
1.485000	6.458792
1.485500	6.459412
1.486000	6.461891
1.486500	6.461891
1.487000	6.463131
1.487500	6.464371
1.488000	6.466231
1.488500	6.467471
1.489000	6.469331
1.489500	6.471191
1.490000	6.473670
1.490500	6.469951
1.491000	6.471811
1.491500	6.472431
1.492000	6.474911
1.492500	6.477390
1.493000	6.479870
1.493500	6.486070
1.494000	6.484830
1.494500	6.486070
1.495000	6.489790
1.495500	6.491030
1.496000	6.492889
1.496500	6.500949
1.497000	6.497849
1.497500	6.502189
1.498000	6.502809
1.498500	6.506529
1.499000	6.502189
1.499500	6.502809
1.500000	6.502809
1.500500	6.502189
1.501000	6.504669
1.501500	6.505289
1.502000	6.509009
1.502500	6.507769
1.503000	6.507149
1.503500	6.508389
1.504000	6.505909
1.504500	6.507149
1.505000	6.507769
1.505500	6.509009
1.506000	6.508389
1.506500	6.507769
1.507000	6.504049
1.507500	6.502809
1.508000	6.502809
1.508500	6.503429
1.509000	6.502809
1.509500	6.504049
1.510000	6.505909
1.510500	6.505909
1.511000	6.506529
1.511500	6.506529
1.512000	6.506529
1.512500	6.512108
1.513000	6.510869
1.513500	6.509009
1.514000	6.509009
1.514500	6.510869
1.515000	6.509629
1.515500	6.505289
1.516000	6.504049
1.516500	6.504049
1.517000	6.501569
1.517500	6.500949
1.518000	6.500329
1.518500	6.500329
1.519000	6.497849
1.519500	6.496609
1.520000	6.494130
1.520500	6.493510
1.521000	6.492270
1.521500	6.487930
1.522000	6.487930
1.522500	6.485450
1.523000	6.483590
1.523500	6.481110
1.524000	6.476770
1.524500	6.476151
1.525000	6.474911
1.525500	6.474291
1.526000	6.473670
1.526500	6.473051
1.527000	6.471811
1.527500	6.472431
1.528000	6.472431
1.528500	6.469951
1.529000	6.471191
1.529500	6.473051
1.530000	6.471811
1.530500	6.468711
1.531000	6.469331
1.531500	6.470571
1.532000	6.463751
1.532500	6.461891
1.533000	6.462512
1.533500	6.461891
1.534000	6.460651
1.534500	6.461891
1.535000	6.461271
1.535500	6.460032
1.536000	6.460651
1.536500	6.460651
1.537000	6.458792
1.537500	6.458792
1.538000	6.458792
1.538500	6.461271
1.539000	6.460651
1.539500	6.460651
1.540000	6.462512
1.540500	6.458792
1.541000	6.460032
1.541500	6.460032
1.542000	6.464991
1.542500	6.464991
1.543000	6.467471
1.543500	6.472431
1.544000	6.473051
1.544500	6.476151
1.545000	6.476770
1.545500	6.479870
1.546000	6.481730
1.546500	6.489170
1.547000	6.487310
1.547500	6.488550
1.548000	6.491030
1.548500	6.492889
1.549000	6.489790
1.549500	6.489790
1.550000	6.491030
1.550500	6.490410
1.551000	6.491650
1.551500	6.489790
1.552000	6.490410
1.552500	6.489170
1.553000	6.490410
1.553500	6.487930
1.554000	6.484210
1.554500	6.483590
1.555000	6.481730
1.555500	6.479870
1.556000	6.477390
1.556500	6.476151
1.557000	6.469331
1.557500	6.466851
1.558000	6.464371
1.558500	6.465611
1.559000	6.463751
1.559500	6.461891
1.560000	6.463751
1.560500	6.463131
1.561000	6.461891
1.561500	6.461891
1.562000	6.460651
1.562500	6.465611
1.563000	6.464371
1.563500	6.464371
1.564000	6.465611
1.564500	6.467471
1.565000	6.470571
1.565500	6.467471
1.566000	6.468711
1.566500	6.468711
1.567000	6.470571
1.567500	6.473670
1.568000	6.476151
1.568500	6.479250
1.569000	6.480490
1.569500	6.484210
1.570000	6.486690
1.570500	6.489170
1.571000	6.492889
1.571500	6.495989
1.572000	6.499709
1.572500	6.502189
1.573000	6.505909
1.573500	6.508389
1.574000	6.507769
1.574500	6.510249
1.575000	6.512728
1.575500	6.518308
1.576000	6.520168
1.576500	6.522028
1.577000	6.528227
1.577500	6.528227
1.578000	6.531947
1.578500	6.533807
1.579000	6.537527
1.579500	6.540627
1.580000	6.543107
1.580500	6.543726
1.581000	6.545587
1.581500	6.545587
1.582000	6.541867
1.582500	6.540627
1.583000	6.540007
1.583500	6.538767
1.584000	6.536287
1.584500	6.536287
1.585000	6.534427
1.585500	6.533807
1.586000	6.529468
1.586500	6.527607
1.587000	6.524508
1.587500	6.521408
1.588000	6.518928
1.588500	6.514588
1.589000	6.511488
1.589500	6.508389
1.590000	6.502809
1.590500	6.495989
1.591000	6.491650
1.591500	6.488550
1.592000	6.482970
1.592500	6.478011
1.593000	6.476770
1.593500	6.473670
1.594000	6.469331
1.594500	6.464991
1.595000	6.461271
1.595500	6.455692
1.596000	6.455072
1.596500	6.453212
1.597000	6.448872
1.597500	6.444532
1.598000	6.440813
1.598500	6.438952
1.599000	6.431513
1.599500	6.427794
1.600000	6.425313
1.600500	6.422214
1.601000	6.422214
1.601500	6.419114
1.602000	6.419114
1.602500	6.414774
1.603000	6.414774
1.603500	6.414154
1.604000	6.412294
1.604500	6.412914
1.605000	6.413534
1.605500	6.413534
1.606000	6.414774
1.606500	6.417254
1.607000	6.415394
1.607500	6.415394
1.608000	6.417254
1.608500	6.422214
1.609000	6.425313
1.609500	6.429653
1.610000	6.436473
1.610500	6.439573
1.611000	6.443913
1.611500	6.447632
1.612000	6.453212
1.612500	6.460032
1.613000	6.464991
1.613500	6.469331
1.614000	6.475531
1.614500	6.479250
1.615000	6.486070
1.615500	6.487310
1.616000	6.492270
1.616500	6.495989
1.617000	6.499709
1.617500	6.504669
1.618000	6.510249
1.618500	6.512108
1.619000	6.515208
1.619500	6.520168
1.620000	6.523888
1.620500	6.525128
1.621000	6.526368
1.621500	6.528848
1.622000	6.530707
1.622500	6.533807
1.623000	6.533187
1.623500	6.536287
1.624000	6.532568
1.624500	6.535047
1.625000	6.535047
1.625500	6.533807
1.626000	6.537527
1.626500	6.538147
1.627000	6.538147
1.627500	6.540007
1.628000	6.537527
1.628500	6.538147
1.629000	6.539387
1.629500	6.540007
1.630000	6.538147
1.630500	6.538147
1.631000	6.536287
1.631500	6.535047
1.632000	6.529468
1.632500	6.526988
1.633000	6.525128
1.633500	6.522648
1.634000	6.518928
1.634500	6.516448
1.635000	6.513349
1.635500	6.512108
1.636000	6.509009
1.636500	6.503429
1.637000	6.500949
1.637500	6.495989
1.638000	6.492889
1.638500	6.489170
1.639000	6.484830
1.639500	6.481110
1.640000	6.474291
1.640500	6.466851
1.641000	6.463131
1.641500	6.458171
1.642000	6.455692
1.642500	6.451972
1.643000	6.447632
1.643500	6.445152
1.644000	6.442672
1.644500	6.438952
1.645000	6.435853
1.645500	6.432133
1.646000	6.429653
1.646500	6.430893
1.647000	6.424694
1.647500	6.419114
1.648000	6.418494
1.648500	6.417874
1.649000	6.411054
1.649500	6.411054
1.650000	6.406714
1.650500	6.405475
1.651000	6.404855
1.651500	6.404234
1.652000	6.405475
1.652500	6.406714
1.653000	6.406714
1.653500	6.407334
1.654000	6.410434
1.654500	6.411054
1.655000	6.412294
1.655500	6.416634
1.656000	6.419734
1.656500	6.422214
1.657000	6.419734
1.657500	6.424074
1.658000	6.429653
1.658500	6.433993
1.659000	6.440193
1.659500	6.443913
1.660000	6.452592
1.660500	6.458171
1.661000	6.463751
1.661500	6.468091
1.662000	6.474911
1.662500	6.486070
1.663000	6.489170
1.663500	6.492889
1.664000	6.500949
1.664500	6.507149
1.665000	6.512728
1.665500	6.515208
1.666000	6.520168
1.666500	6.525128
1.667000	6.528227
1.667500	6.532568
1.668000	6.538767
1.668500	6.541867
1.669000	6.547446
1.669500	6.550546
1.670000	6.553026
1.670500	6.557366
1.671000	6.558606
1.671500	6.562325
1.672000	6.561706
1.672500	6.566665
1.673000	6.567905
1.673500	6.568525
1.674000	6.566665
1.674500	6.564806
1.675000	6.565425
1.675500	6.567286
1.676000	6.565425
1.676500	6.566045
1.677000	6.568525
1.677500	6.565425
1.678000	6.562945
1.678500	6.559226
1.679000	6.557366
1.679500	6.557986
1.680000	6.554886
1.680500	6.550546
1.681000	6.546826
1.681500	6.542487
1.682000	6.534427
1.682500	6.530087
1.683000	6.522648
1.683500	6.517068
1.684000	6.510249
1.684500	6.504049
1.685000	6.498469
1.685500	6.491650
1.686000	6.487310
1.686500	6.480490
1.687000	6.473051
1.687500	6.466851
1.688000	6.460651
1.688500	6.454452
1.689000	6.448252
1.689500	6.444532
1.690000	6.439573
1.690500	6.429653
1.691000	6.425313
1.691500	6.419734
1.692000	6.417874
1.692500	6.416014
1.693000	6.412914
1.693500	6.412294
1.694000	6.410434
1.694500	6.406095
1.695000	6.407334
1.695500	6.407334
1.696000	6.406095
1.696500	6.412914
1.697000	6.410434
1.697500	6.412294
1.698000	6.413534
1.698500	6.416014
1.699000	6.413534
1.699500	6.412914
1.700000	6.417874
1.700500	6.420974
1.701000	6.422833
1.701500	6.425933
1.702000	6.430893
1.702500	6.434613
1.703000	6.435853
1.703500	6.439573
1.704000	6.444532
1.704500	6.448252
1.705000	6.453212
1.705500	6.456312
1.706000	6.461271
1.706500	6.464991
1.707000	6.465611
1.707500	6.469331
1.708000	6.474911
1.708500	6.479250
1.709000	6.484210
1.709500	6.487930
1.710000	6.494130
1.710500	6.498469
1.711000	6.502809
1.711500	6.505289
1.712000	6.509009
1.712500	6.516448
1.713000	6.518928
1.713500	6.520788
1.714000	6.526368
1.714500	6.527607
1.715000	6.530087
1.715500	6.528848
1.716000	6.530087
1.716500	6.530087
1.717000	6.532568
1.717500	6.534427
1.718000	6.534427
1.718500	6.532568
1.719000	6.536287
1.719500	6.538147
1.720000	6.536907
1.720500	6.538147
1.721000	6.536287
1.721500	6.536287
1.722000	6.534427
1.722500	6.535047
1.723000	6.531947
1.723500	6.533187
1.724000	6.528227
1.724500	6.525128
1.725000	6.525128
1.725500	6.523268
1.726000	6.524508
1.726500	6.520788
1.727000	6.519548
1.727500	6.517688
1.728000	6.515208
1.728500	6.513349
1.729000	6.511488
1.729500	6.510869
1.730000	6.505909
1.730500	6.504669
1.731000	6.500329
1.731500	6.498469
1.732000	6.491030
1.732500	6.487930
1.733000	6.482970
1.733500	6.477390
1.734000	6.473670
1.734500	6.472431
1.735000	6.469331
1.735500	6.464991
1.736000	6.461891
1.736500	6.458171
1.737000	6.455692
1.737500	6.450732
1.738000	6.448252
1.738500	6.445772
1.739000	6.442052
1.739500	6.440193
1.740000	6.437713
1.740500	6.434613
1.741000	6.430893
1.741500	6.429033
1.742000	6.430273
1.742500	6.429033
1.743000	6.428413
1.743500	6.432133
1.744000	6.430893
1.744500	6.432133
1.745000	6.430273
1.745500	6.432133
1.746000	6.433373
1.746500	6.440813
1.747000	6.438952
1.747500	6.440193
1.748000	6.442672
1.748500	6.444532
1.749000	6.442052
1.749500	6.443293
1.750000	6.445772
1.750500	6.447012
1.751000	6.449492
1.751500	6.450732
1.752000	6.455072
1.752500	6.455072
1.753000	6.458171
1.753500	6.460032
1.754000	6.463131
1.754500	6.463751
1.755000	6.468091
1.755500	6.468091
1.756000	6.471191
1.756500	6.473670
1.757000	6.470571
1.757500	6.473051
1.758000	6.474291
1.758500	6.478631
1.759000	6.481110
1.759500	6.483590
1.760000	6.487930
1.760500	6.489170
1.761000	6.490410
1.761500	6.494750
1.762000	6.495989
1.762500	6.501569
1.763000	6.504049
1.763500	6.505289
1.764000	6.507149
1.764500	6.509009
1.765000	6.511488
1.765500	6.509009
1.766000	6.509629
1.766500	6.510249
1.767000	6.511488
1.767500	6.514588
1.768000	6.515208
1.768500	6.515828
1.769000	6.515208
1.769500	6.517068
1.770000	6.518928
1.770500	6.517068
1.771000	6.517688
1.771500	6.515208
1.772000	6.516448
1.772500	6.514588
1.773000	6.515208
1.773500	6.513968
1.774000	6.509009
1.774500	6.507149
1.775000	6.506529
1.775500	6.505909
1.776000	6.504669
1.776500	6.504049
1.777000	6.503429
1.777500	6.502809
1.778000	6.500329
1.778500	6.496609
1.779000	6.495989
1.779500	6.497849
1.780000	6.492270
1.780500	6.492889
1.781000	6.491650
1.781500	6.488550
1.782000	6.482970
1.782500	6.482350
1.783000	6.479250
1.783500	6.475531
1.784000	6.474911
1.784500	6.475531
1.785000	6.473670
1.785500	6.473051
1.786000	6.471191
1.786500	6.470571
1.787000	6.471191
1.787500	6.469951
1.788000	6.471191
1.788500	6.470571
1.789000	6.469951
1.789500	6.471191
1.790000	6.471191
1.790500	6.467471
1.791000	6.468091
1.791500	6.466851
1.792000	6.470571
1.792500	6.474911
1.793000	6.471191
1.793500	6.476770
1.794000	6.476770
1.794500	6.478631
1.795000	6.480490
1.795500	6.482350
1.796000	6.482970
1.796500	6.491030
1.797000	6.485450
1.797500	6.489170
1.798000	6.489170
1.798500	6.490410
1.799000	6.486690
1.799500	6.488550
1.800000	6.489170
1.800500	6.486690
1.801000	6.486070
1.801500	6.489170
1.802000	6.489790
1.802500	6.486690
1.803000	6.489170
1.803500	6.487310
1.804000	6.486690
1.804500	6.485450
1.805000	6.484830
1.805500	6.485450
1.806000	6.484830
1.806500	6.486690
1.807000	6.479870
1.807500	6.479870
1.808000	6.479870
1.808500	6.481730
1.809000	6.482350
1.809500	6.480490
1.810000	6.482970
1.810500	6.482970
1.811000	6.484830
1.811500	6.482970
1.812000	6.482970
1.812500	6.489170
1.813000	6.487930
1.813500	6.490410
1.814000	6.488550
1.814500	6.489790
1.815000	6.490410
1.815500	6.486070
1.816000	6.486070
1.816500	6.486690
1.817000	6.486070
1.817500	6.487310
1.818000	6.486690
1.818500	6.487310
1.819000	6.486690
1.819500	6.486690
1.820000	6.484210
1.820500	6.486690
1.821000	6.484830
1.821500	6.486690
1.822000	6.484830
1.822500	6.482350
1.823000	6.483590
1.823500	6.483590
1.824000	6.479870
1.824500	6.478011
1.825000	6.479250
1.825500	6.479250
1.826000	6.478011
1.826500	6.479250
1.827000	6.480490
1.827500	6.479870
1.828000	6.478631
1.828500	6.482350
1.829000	6.482350
1.829500	6.483590
1.830000	6.484210
1.830500	6.482970
1.831000	6.483590
1.831500	6.484830
1.832000	6.481730
1.832500	6.480490
1.833000	6.481110
1.833500	6.481730
1.834000	6.481730
1.834500	6.481110
1.835000	6.481730
1.835500	6.483590
1.836000	6.481730
1.836500	6.483590
1.837000	6.484210
1.837500	6.484210
1.838000	6.486070
1.838500	6.484830
1.839000	6.484210
1.839500	6.486690
1.840000	6.487310
1.840500	6.480490
1.841000	6.482350
1.841500	6.481730
1.842000	6.481730
1.842500	6.482970
1.843000	6.482970
1.843500	6.484210
1.844000	6.482970
1.844500	6.482970
1.845000	6.479870
1.845500	6.479870
1.846000	6.479250
1.846500	6.481730
1.847000	6.478011
1.847500	6.476151
1.848000	6.476770
1.848500	6.474291
1.849000	6.469331
1.849500	6.466851
1.850000	6.464991
1.850500	6.461271
1.851000	6.459412
1.851500	6.459412
1.852000	6.458171
1.852500	6.457551
1.853000	6.456312
1.853500	6.452592
1.854000	6.450732
1.854500	6.451352
1.855000	6.450112
1.855500	6.448872
1.856000	6.447632
1.856500	6.447012
1.857000	6.445772
1.857500	6.442052
1.858000	6.444532
1.858500	6.444532
1.859000	6.447012
1.859500	6.446392
1.860000	6.449492
1.860500	6.450732
1.861000	6.451972
1.861500	6.453832
1.862000	6.455692
1.862500	6.461891
1.863000	6.461891
1.863500	6.460651
1.864000	6.464991
1.864500	6.464991
1.865000	6.468091
1.865500	6.465611
1.866000	6.468091
1.866500	6.467471
1.867000	6.469951
1.867500	6.471191
1.868000	6.474291
1.868500	6.477390
1.869000	6.478631
1.869500	6.480490
1.870000	6.481730
1.870500	6.482970
1.871000	6.487310
1.871500	6.489170
1.872000	6.491030
1.872500	6.494130
1.873000	6.495989
1.873500	6.499089
1.874000	6.496609
1.874500	6.498469
1.875000	6.502189
1.875500	6.505909
1.876000	6.507149
1.876500	6.513349
1.877000	6.516448
1.877500	6.517688
1.878000	6.521408
1.878500	6.523888
1.879000	6.527607
1.879500	6.531947
1.880000	6.533807
1.880500	6.535667
1.881000	6.536907
1.881500	6.538767
1.882000	6.536287
1.882500	6.536907
1.883000	6.537527
1.883500	6.538147
1.884000	6.539387
1.884500	6.539387
1.885000	6.540007
1.885500	6.541247
1.886000	6.538767
1.886500	6.540627
1.887000	6.538767
1.887500	6.537527
1.888000	6.537527
1.888500	6.535667
1.889000	6.534427
1.889500	6.536287
1.890000	6.532568
1.890500	6.526988
1.891000	6.523888
1.891500	6.522648
1.892000	6.521408
1.892500	6.520788
1.893000	6.516448
1.893500	6.516448
1.894000	6.512728
1.894500	6.509629
1.895000	6.505289
1.895500	6.502189
1.896000	6.501569
1.896500	6.501569
1.897000	6.495369
1.897500	6.493510
1.898000	6.487310
1.898500	6.484830
1.899000	6.476151
1.899500	6.470571
1.900000	6.468091
1.900500	6.463751
1.901000	6.460032
1.901500	6.457551
1.902000	6.453212
1.902500	6.448872
1.903000	6.446392
1.903500	6.443293
1.904000	6.439573
1.904500	6.436473
1.905000	6.433993
1.905500	6.432753
1.906000	6.430893
1.906500	6.429033
1.907000	6.424074
1.907500	6.420974
1.908000	6.421594
1.908500	6.421594
1.909000	6.421594
1.909500	6.421594
1.910000	6.424694
1.910500	6.424694
1.911000	6.428413
1.911500	6.428413
1.912000	6.430893
1.912500	6.435853
1.913000	6.437093
1.913500	6.439573
1.914000	6.442052
1.914500	6.443293
1.915000	6.450112
1.915500	6.448872
1.916000	6.449492
1.916500	6.455692
1.917000	6.455692
1.917500	6.460651
1.918000	6.463751
1.918500	6.468091
1.919000	6.471811
1.919500	6.473051
1.920000	6.478011
1.920500	6.481730
1.921000	6.485450
1.921500	6.487310
1.922000	6.491650
1.922500	6.495989
1.923000	6.500329
1.923500	6.501569
1.924000	6.501569
1.924500	6.503429
1.925000	6.508389
1.925500	6.510869
1.926000	6.512728
1.926500	6.516448
1.927000	6.519548
1.927500	6.519548
1.928000	6.522648
1.928500	6.525128
1.929000	6.526988
1.929500	6.530087
1.930000	6.530707
1.930500	6.531327
1.931000	6.532568
1.931500	6.531327
1.932000	6.527607
1.932500	6.523888
1.933000	6.523888
1.933500	6.523268
1.934000	6.519548
1.934500	6.519548
1.935000	6.519548
1.935500	6.517688
1.936000	6.513968
1.936500	6.512728
1.937000	6.509009
1.937500	6.504669
1.938000	6.501569
1.938500	6.497849
1.939000	6.495989
1.939500	6.494130
1.940000	6.491650
1.940500	6.482350
1.941000	6.482350
1.941500	6.476151
1.942000	6.473670
1.942500	6.473670
1.943000	6.469331
1.943500	6.466231
1.944000	6.463751
1.944500	6.461271
1.945000	6.457551
1.945500	6.455692
1.946000	6.454452
1.946500	6.455692
1.947000	6.447632
1.947500	6.448872
1.948000	6.444532
1.948500	6.443293
1.949000	6.435233
1.949500	6.432753
1.950000	6.431513
1.950500	6.429653
1.951000	6.428413
1.951500	6.427173
1.952000	6.424694
1.952500	6.424694
1.953000	6.426553
1.953500	6.424694
1.954000	6.422833
1.954500	6.425313
1.955000	6.425933
1.955500	6.429653
1.956000	6.429033
1.956500	6.430273
1.957000	6.430893
1.957500	6.429653
1.958000	6.432753
1.958500	6.437713
1.959000	6.442672
1.959500	6.445152
1.960000	6.451972
1.960500	6.457551
1.961000	6.461891
1.961500	6.464371
1.962000	6.469331
1.962500	6.476151
1.963000	6.482350
1.963500	6.486690
1.964000	6.492889
1.964500	6.497849
1.965000	6.501569
1.965500	6.502189
1.966000	6.504049
1.966500	6.509629
1.967000	6.510249
1.967500	6.515828
1.968000	6.518928
1.968500	6.524508
1.969000	6.525128
1.969500	6.528227
1.970000	6.532568
1.970500	6.531327
1.971000	6.534427
1.971500	6.536287
1.972000	6.536907
1.972500	6.541247
1.973000	6.542487
1.973500	6.542487
1.974000	6.538147
1.974500	6.540627
1.975000	6.544347
1.975500	6.542487
1.976000	6.540627
1.976500	6.544347
1.977000	6.544967
1.977500	6.543726
1.978000	6.544967
1.978500	6.545587
1.979000	6.542487
1.979500	6.544347
1.980000	6.542487
1.980500	6.541247
1.981000	6.540007
1.981500	6.537527
1.982000	6.533807
1.982500	6.528848
1.983000	6.525128
1.983500	6.521408
1.984000	6.518928
1.984500	6.514588
1.985000	6.510249
1.985500	6.507769
1.986000	6.505289
1.986500	6.500329
1.987000	6.495369
1.987500	6.491650
1.988000	6.488550
1.988500	6.484210
1.989000	6.479250
1.989500	6.476151
1.990000	6.472431
1.990500	6.464371
1.991000	6.461271
1.991500	6.456932
1.992000	6.454452
1.992500	6.453832
1.993000	6.445772
1.993500	6.447012
1.994000	6.444532
1.994500	6.440813
1.995000	6.438952
1.995500	6.437093
1.996000	6.435233
1.996500	6.437093
1.997000	6.432133
1.997500	6.429653
1.998000	6.429653
1.998500	6.428413
1.999000	6.424074
1.999500	6.422833
2.000000	6.422214
END DATA