National Instruments VirtualBench-Scope 2.1.1 Report
Date Created:	10/26/99	3:08:28 PM

USER NAME:	FeederA
COMMENTS:	
START DATA
Time	Ch 0
0.000000	6.446392
0.000500	6.447632
0.001000	6.447632
0.001500	6.447012
0.002000	6.447012
0.002500	6.445772
0.003000	6.448252
0.003500	6.445772
0.004000	6.440813
0.004500	6.440193
0.005000	6.436473
0.005500	6.437093
0.006000	6.433993
0.006500	6.433373
0.007000	6.433373
0.007500	6.428413
0.008000	6.424694
0.008500	6.421594
0.009000	6.419114
0.009500	6.418494
0.010000	6.414154
0.010500	6.410434
0.011000	6.403615
0.011500	6.401755
0.012000	6.389976
0.012500	6.385636
0.013000	6.382536
0.013500	6.375096
0.014000	6.368896
0.014500	6.364557
0.015000	6.360217
0.015500	6.356497
0.016000	6.351538
0.016500	6.344718
0.017000	6.339139
0.017500	6.333559
0.018000	6.332319
0.018500	6.327359
0.019000	6.323019
0.019500	6.320539
0.020000	6.318679
0.020500	6.311860
0.021000	6.308760
0.021500	6.307520
0.022000	6.308140
0.022500	6.306280
0.023000	6.306900
0.023500	6.306900
0.024000	6.306900
0.024500	6.308760
0.025000	6.311240
0.025500	6.311860
0.026000	6.315580
0.026500	6.323019
0.027000	6.322399
0.027500	6.325499
0.028000	6.327979
0.028500	6.331699
0.029000	6.331699
0.029500	6.334178
0.030000	6.337278
0.030500	6.342858
0.031000	6.342858
0.031500	6.349678
0.032000	6.355877
0.032500	6.359597
0.033000	6.362697
0.033500	6.365177
0.034000	6.369517
0.034500	6.372616
0.035000	6.376956
0.035500	6.380676
0.036000	6.385636
0.036500	6.388115
0.037000	6.388735
0.037500	6.391215
0.038000	6.397415
0.038500	6.401135
0.039000	6.404855
0.039500	6.407954
0.040000	6.412914
0.040500	6.416014
0.041000	6.419114
0.041500	6.419114
0.042000	6.422214
0.042500	6.430273
0.043000	6.430273
0.043500	6.430273
0.044000	6.433373
0.044500	6.436473
0.045000	6.436473
0.045500	6.433373
0.046000	6.433993
0.046500	6.431513
0.047000	6.430273
0.047500	6.432133
0.048000	6.430893
0.048500	6.430273
0.049000	6.425933
0.049500	6.424694
0.050000	6.422214
0.050500	6.419734
0.051000	6.417254
0.051500	6.413534
0.052000	6.410434
0.052500	6.406095
0.053000	6.402995
0.053500	6.398655
0.054000	6.388115
0.054500	6.386256
0.055000	6.381296
0.055500	6.377576
0.056000	6.376336
0.056500	6.370757
0.057000	6.367657
0.057500	6.364557
0.058000	6.359597
0.058500	6.354638
0.059000	6.353397
0.059500	6.351538
0.060000	6.348438
0.060500	6.345338
0.061000	6.343478
0.061500	6.340378
0.062000	6.333559
0.062500	6.332939
0.063000	6.329219
0.063500	6.327359
0.064000	6.326119
0.064500	6.325499
0.065000	6.324259
0.065500	6.326119
0.066000	6.325499
0.066500	6.325499
0.067000	6.326119
0.067500	6.327359
0.068000	6.327359
0.068500	6.329839
0.069000	6.329839
0.069500	6.332319
0.070000	6.333559
0.070500	6.333559
0.071000	6.335419
0.071500	6.337278
0.072000	6.340378
0.072500	6.342858
0.073000	6.346578
0.073500	6.352158
0.074000	6.356497
0.074500	6.358977
0.075000	6.362077
0.075500	6.368277
0.076000	6.370757
0.076500	6.377576
0.077000	6.378196
0.077500	6.381296
0.078000	6.381916
0.078500	6.386876
0.079000	6.385016
0.079500	6.388115
0.080000	6.389356
0.080500	6.389976
0.081000	6.390595
0.081500	6.392455
0.082000	6.393695
0.082500	6.394935
0.083000	6.396175
0.083500	6.394935
0.084000	6.394935
0.084500	6.394935
0.085000	6.396175
0.085500	6.395555
0.086000	6.394935
0.086500	6.394315
0.087000	6.391215
0.087500	6.391215
0.088000	6.386876
0.088500	6.388735
0.089000	6.391215
0.089500	6.385636
0.090000	6.389356
0.090500	6.389976
0.091000	6.389356
0.091500	6.387496
0.092000	6.386876
0.092500	6.391835
0.093000	6.391835
0.093500	6.388735
0.094000	6.388735
0.094500	6.388115
0.095000	6.385636
0.095500	6.380056
0.096000	6.379436
0.096500	6.378196
0.097000	6.375096
0.097500	6.374476
0.098000	6.373857
0.098500	6.371996
0.099000	6.371377
0.099500	6.370137
0.100000	6.369517
0.100500	6.365177
0.101000	6.361457
0.101500	6.362077
0.102000	6.360837
0.102500	6.356497
0.103000	6.357117
0.103500	6.355258
0.104000	6.348438
0.104500	6.346578
0.105000	6.345958
0.105500	6.345338
0.106000	6.349058
0.106500	6.346578
0.107000	6.349058
0.107500	6.349678
0.108000	6.350298
0.108500	6.349678
0.109000	6.353397
0.109500	6.356497
0.110000	6.355258
0.110500	6.358357
0.111000	6.358357
0.111500	6.361457
0.112000	6.360837
0.112500	6.362697
0.113000	6.365177
0.113500	6.365797
0.114000	6.367037
0.114500	6.371996
0.115000	6.373236
0.115500	6.377576
0.116000	6.380056
0.116500	6.380676
0.117000	6.384396
0.117500	6.385016
0.118000	6.387496
0.118500	6.391835
0.119000	6.394315
0.119500	6.394935
0.120000	6.397415
0.120500	6.396175
0.121000	6.396175
0.121500	6.398655
0.122000	6.401135
0.122500	6.401135
0.123000	6.404234
0.123500	6.407334
0.124000	6.406095
0.124500	6.409194
0.125000	6.407334
0.125500	6.410434
0.126000	6.408575
0.126500	6.413534
0.127000	6.412294
0.127500	6.412294
0.128000	6.412914
0.128500	6.411054
0.129000	6.405475
0.129500	6.404234
0.130000	6.403615
0.130500	6.401755
0.131000	6.400515
0.131500	6.401135
0.132000	6.399275
0.132500	6.396795
0.133000	6.396795
0.133500	6.394315
0.134000	6.393075
0.134500	6.393075
0.135000	6.389976
0.135500	6.388735
0.136000	6.388115
0.136500	6.385016
0.137000	6.379436
0.137500	6.375716
0.138000	6.376336
0.138500	6.376336
0.139000	6.376956
0.139500	6.373857
0.140000	6.373857
0.140500	6.371996
0.141000	6.369517
0.141500	6.366417
0.142000	6.366417
0.142500	6.368277
0.143000	6.364557
0.143500	6.360837
0.144000	6.362697
0.144500	6.358977
0.145000	6.357117
0.145500	6.351538
0.146000	6.349058
0.146500	6.346578
0.147000	6.344098
0.147500	6.341618
0.148000	6.339139
0.148500	6.339139
0.149000	6.334799
0.149500	6.333559
0.150000	6.332939
0.150500	6.331079
0.151000	6.329839
0.151500	6.330459
0.152000	6.328599
0.152500	6.327979
0.153000	6.327359
0.153500	6.329839
0.154000	6.325499
0.154500	6.326119
0.155000	6.327359
0.155500	6.330459
0.156000	6.334799
0.156500	6.334178
0.157000	6.337898
0.157500	6.339758
0.158000	6.344098
0.158500	6.346578
0.159000	6.351538
0.159500	6.356497
0.160000	6.358977
0.160500	6.362077
0.161000	6.366417
0.161500	6.370137
0.162000	6.368277
0.162500	6.371377
0.163000	6.374476
0.163500	6.376956
0.164000	6.380676
0.164500	6.384396
0.165000	6.386876
0.165500	6.389356
0.166000	6.390595
0.166500	6.394315
0.167000	6.394315
0.167500	6.396795
0.168000	6.398655
0.168500	6.399275
0.169000	6.401135
0.169500	6.401135
0.170000	6.402995
0.170500	6.399895
0.171000	6.399895
0.171500	6.400515
0.172000	6.402375
0.172500	6.401755
0.173000	6.402995
0.173500	6.404234
0.174000	6.404234
0.174500	6.406095
0.175000	6.405475
0.175500	6.406714
0.176000	6.405475
0.176500	6.409814
0.177000	6.407334
0.177500	6.406095
0.178000	6.406095
0.178500	6.404855
0.179000	6.398655
0.179500	6.397415
0.180000	6.396175
0.180500	6.395555
0.181000	6.394935
0.181500	6.391215
0.182000	6.391215
0.182500	6.389976
0.183000	6.388115
0.183500	6.385016
0.184000	6.381296
0.184500	6.381296
0.185000	6.378196
0.185500	6.378816
0.186000	6.372616
0.186500	6.371996
0.187000	6.365177
0.187500	6.362077
0.188000	6.360217
0.188500	6.359597
0.189000	6.358977
0.189500	6.355877
0.190000	6.357117
0.190500	6.354638
0.191000	6.353397
0.191500	6.352777
0.192000	6.350918
0.192500	6.355258
0.193000	6.352158
0.193500	6.350298
0.194000	6.352158
0.194500	6.350298
0.195000	6.350298
0.195500	6.345958
0.196000	6.344718
0.196500	6.345338
0.197000	6.344718
0.197500	6.345958
0.198000	6.347818
0.198500	6.348438
0.199000	6.346578
0.199500	6.350298
0.200000	6.351538
0.200500	6.352158
0.201000	6.356497
0.201500	6.355877
0.202000	6.357737
0.202500	6.360217
0.203000	6.362077
0.203500	6.363317
0.204000	6.361457
0.204500	6.363937
0.205000	6.367037
0.205500	6.371377
0.206000	6.373236
0.206500	6.376956
0.207000	6.380676
0.207500	6.382536
0.208000	6.384396
0.208500	6.387496
0.209000	6.393075
0.209500	6.393695
0.210000	6.396175
0.210500	6.399895
0.211000	6.402375
0.211500	6.404855
0.212000	6.402375
0.212500	6.404855
0.213000	6.404234
0.213500	6.406095
0.214000	6.405475
0.214500	6.408575
0.215000	6.411054
0.215500	6.411674
0.216000	6.412914
0.216500	6.414154
0.217000	6.413534
0.217500	6.414154
0.218000	6.413534
0.218500	6.415394
0.219000	6.414774
0.219500	6.413534
0.220000	6.412914
0.220500	6.409814
0.221000	6.406714
0.221500	6.406714
0.222000	6.408575
0.222500	6.404234
0.223000	6.407954
0.223500	6.406095
0.224000	6.404234
0.224500	6.402995
0.225000	6.400515
0.225500	6.399895
0.226000	6.398655
0.226500	6.399895
0.227000	6.398035
0.227500	6.393695
0.228000	6.390595
0.228500	6.386256
0.229000	6.381296
0.229500	6.376956
0.230000	6.373236
0.230500	6.370137
0.231000	6.365177
0.231500	6.361457
0.232000	6.360217
0.232500	6.355258
0.233000	6.352158
0.233500	6.348438
0.234000	6.342858
0.234500	6.341618
0.235000	6.338519
0.235500	6.335419
0.236000	6.333559
0.236500	6.329219
0.237000	6.324879
0.237500	6.321159
0.238000	6.319300
0.238500	6.317440
0.239000	6.319300
0.239500	6.316200
0.240000	6.318059
0.240500	6.316820
0.241000	6.316820
0.241500	6.314960
0.242000	6.316200
0.242500	6.321779
0.243000	6.319920
0.243500	6.319920
0.244000	6.321159
0.244500	6.323019
0.245000	6.322399
0.245500	6.321779
0.246000	6.321779
0.246500	6.324879
0.247000	6.325499
0.247500	6.327979
0.248000	6.328599
0.248500	6.334178
0.249000	6.335419
0.249500	6.334799
0.250000	6.340998
0.250500	6.342238
0.251000	6.346578
0.251500	6.348438
0.252000	6.350918
0.252500	6.355877
0.253000	6.359597
0.253500	6.363317
0.254000	6.362077
0.254500	6.365797
0.255000	6.370137
0.255500	6.375096
0.256000	6.380676
0.256500	6.383776
0.257000	6.388735
0.257500	6.391835
0.258000	6.394315
0.258500	6.399275
0.259000	6.404234
0.259500	6.408575
0.260000	6.411054
0.260500	6.414774
0.261000	6.418494
0.261500	6.420974
0.262000	6.419114
0.262500	6.420974
0.263000	6.420974
0.263500	6.423453
0.264000	6.425313
0.264500	6.424694
0.265000	6.427794
0.265500	6.428413
0.266000	6.427794
0.266500	6.429033
0.267000	6.427794
0.267500	6.428413
0.268000	6.427173
0.268500	6.425933
0.269000	6.423453
0.269500	6.424074
0.270000	6.422833
0.270500	6.416634
0.271000	6.414154
0.271500	6.414154
0.272000	6.412294
0.272500	6.407954
0.273000	6.409194
0.273500	6.406714
0.274000	6.405475
0.274500	6.402375
0.275000	6.400515
0.275500	6.396795
0.276000	6.394315
0.276500	6.393695
0.277000	6.390595
0.277500	6.385016
0.278000	6.383776
0.278500	6.379436
0.279000	6.371377
0.279500	6.368896
0.280000	6.364557
0.280500	6.361457
0.281000	6.358357
0.281500	6.355877
0.282000	6.355258
0.282500	6.351538
0.283000	6.347818
0.283500	6.347818
0.284000	6.345338
0.284500	6.345338
0.285000	6.340998
0.285500	6.339758
0.286000	6.340998
0.286500	6.339139
0.287000	6.336039
0.287500	6.336039
0.288000	6.335419
0.288500	6.337898
0.289000	6.339758
0.289500	6.337898
0.290000	6.340378
0.290500	6.343478
0.291000	6.343478
0.291500	6.345338
0.292000	6.345338
0.292500	6.350918
0.293000	6.351538
0.293500	6.352777
0.294000	6.356497
0.294500	6.358977
0.295000	6.360217
0.295500	6.357737
0.296000	6.357117
0.296500	6.361457
0.297000	6.361457
0.297500	6.363317
0.298000	6.365177
0.298500	6.367657
0.299000	6.367657
0.299500	6.371377
0.300000	6.371377
0.300500	6.373857
0.301000	6.375096
0.301500	6.375716
0.302000	6.376956
0.302500	6.378816
0.303000	6.381916
0.303500	6.381296
0.304000	6.379436
0.304500	6.379436
0.305000	6.381916
0.305500	6.384396
0.306000	6.388735
0.306500	6.387496
0.307000	6.388735
0.307500	6.390595
0.308000	6.390595
0.308500	6.391835
0.309000	6.394315
0.309500	6.396175
0.310000	6.399895
0.310500	6.396175
0.311000	6.397415
0.311500	6.395555
0.312000	6.391835
0.312500	6.391215
0.313000	6.388735
0.313500	6.388115
0.314000	6.384396
0.314500	6.385016
0.315000	6.409194
0.315500	6.405475
0.316000	6.401755
0.316500	6.398655
0.317000	6.394935
0.317500	6.392455
0.318000	6.388115
0.318500	6.386256
0.319000	6.380676
0.319500	6.375716
0.320000	6.365177
0.320500	6.347198
0.321000	6.329839
0.321500	6.288921
0.322000	6.281482
0.322500	6.271562
0.323000	6.264122
0.323500	6.252963
0.324000	6.244284
0.324500	6.246144
0.325000	6.257303
0.325500	6.252963
0.326000	6.255443
0.326500	6.263503
0.327000	6.274662
0.327500	6.287681
0.328000	6.302560
0.328500	6.318059
0.329000	6.329839
0.329500	6.346578
0.330000	6.362697
0.330500	6.376336
0.331000	6.389356
0.331500	6.404855
0.332000	6.420974
0.332500	6.434613
0.333000	6.451352
0.333500	6.469951
0.334000	6.486690
0.334500	6.502809
0.335000	6.520168
0.335500	6.561706
0.336000	6.584024
0.336500	6.595804
0.337000	6.600143
0.337500	6.606343
0.338000	6.609443
0.338500	6.611303
0.339000	6.611303
0.339500	6.602623
0.340000	6.592084
0.340500	6.569145
0.341000	6.491650
0.341500	6.468711
0.342000	6.442672
0.342500	6.418494
0.343000	6.382536
0.343500	6.344098
0.344000	6.309380
0.344500	6.269702
0.345000	6.257303
0.345500	6.222585
0.346000	6.192207
0.346500	6.166788
0.347000	6.146329
0.347500	6.134550
0.348000	6.128970
0.348500	6.132690
0.349000	6.139510
0.349500	6.155009
0.350000	6.172988
0.350500	6.194686
0.351000	6.222585
0.351500	6.246764
0.352000	6.275282
0.352500	6.305040
0.353000	6.336039
0.353500	6.368277
0.354000	6.394935
0.354500	6.428413
0.355000	6.463131
0.355500	6.495989
0.356000	6.534427
0.356500	6.593324
0.357000	6.620602
0.357500	6.647881
0.358000	6.668340
0.358500	6.688798
0.359000	6.703678
0.359500	6.714837
0.360000	6.716697
0.360500	6.710497
0.361000	6.699338
0.361500	6.629282
0.362000	6.589604
0.362500	6.560466
0.363000	6.522648
0.363500	6.473051
0.364000	6.419734
0.364500	6.360217
0.365000	6.295121
0.365500	6.240564
0.366000	6.190347
0.366500	6.121531
0.367000	6.057674
0.367500	5.998778
0.368000	5.949181
0.368500	5.909503
0.369000	5.881605
0.369500	5.865485
0.370000	5.862386
0.370500	5.863006
0.371000	5.880364
0.371500	5.904543
0.372000	5.936781
0.372500	5.976459
0.373000	6.025436
0.373500	6.078133
0.374000	6.133930
0.374500	6.190967
0.375000	6.255443
0.375500	6.320539
0.376000	6.389976
0.376500	6.461891
0.377000	6.557366
0.377500	6.626182
0.378000	6.689418
0.378500	6.747075
0.379000	6.799772
0.379500	6.851229
0.380000	6.897107
0.380500	6.931825
0.381000	6.958483
0.381500	6.974602
0.382000	6.967782
0.382500	6.908886
0.383000	6.894627
0.383500	6.864248
0.384000	6.820851
0.384500	6.759474
0.385000	6.690658
0.385500	6.608823
0.386000	6.516448
0.386500	6.442052
0.387000	6.335419
0.387500	6.229404
0.388000	6.127110
0.388500	6.029776
0.389000	5.940501
0.389500	5.861145
0.390000	5.801009
0.390500	5.753272
0.391000	5.723514
0.391500	5.708014
0.392000	5.706774
0.392500	5.721653
0.393000	5.747072
0.393500	5.783650
0.394000	5.831388
0.394500	5.887804
0.395000	5.954140
0.395500	6.022336
0.396000	6.104172
0.396500	6.190347
0.397000	6.283961
0.397500	6.381916
0.398000	6.508389
0.398500	6.605103
0.399000	6.697478
0.399500	6.789853
0.400000	6.877888
0.400500	6.958483
0.401000	7.032879
0.401500	7.093015
0.402000	7.143852
0.402500	7.178570
0.403000	7.143232
0.403500	7.140753
0.404000	7.129593
0.404500	7.104175
0.405000	7.057677
0.405500	6.998161
0.406000	6.920665
0.406500	6.825810
0.407000	6.735916
0.407500	6.626182
0.408000	6.500329
0.408500	6.368277
0.409000	6.238704
0.409500	6.110991
0.410000	5.987618
0.410500	5.875405
0.411000	5.773731
0.411500	5.689415
0.412000	5.618120
0.412500	5.569142
0.413000	5.538764
0.413500	5.525745
0.414000	5.529465
0.414500	5.551783
0.415000	5.587121
0.415500	5.636098
0.416000	5.698715
0.416500	5.775590
0.417000	5.864245
0.417500	5.962200
0.418000	6.066974
0.418500	6.203986
0.419000	6.333559
0.419500	6.452592
0.420000	6.575345
0.420500	6.688798
0.421000	6.806592
0.421500	6.919425
0.422000	7.022959
0.422500	7.112234
0.423000	7.194690
0.423500	7.256686
0.424000	7.244907
0.424500	7.274045
0.425000	7.289544
0.425500	7.279624
0.426000	7.250486
0.426500	7.200269
0.427000	7.127733
0.427500	7.037219
0.428000	6.951044
0.428500	6.825191
0.429000	6.683218
0.429500	6.533187
0.430000	6.375716
0.430500	6.219485
0.431000	6.063254
0.431500	5.911983
0.432000	5.773111
0.432500	5.646638
0.433000	5.539384
0.433500	5.453209
0.434000	5.382533
0.434500	5.334795
0.435000	5.308137
0.435500	5.300698
0.436000	5.316817
0.436500	5.350295
0.437000	5.397412
0.437500	5.464988
0.438000	5.551163
0.438500	5.652837
0.439000	5.778070
0.439500	5.932442
0.440000	6.069454
0.440500	6.212666
0.441000	6.358977
0.441500	6.510869
0.442000	6.661520
0.442500	6.814031
0.443000	6.953523
0.443500	7.083716
0.444000	7.202749
0.444500	7.249866
0.445000	7.329222
0.445500	7.397418
0.446000	7.443915
0.446500	7.466234
0.447000	7.464994
0.447500	7.438956
0.448000	7.387498
0.448500	7.329222
0.449000	7.237467
0.449500	7.114094
0.450000	6.970882
0.450500	6.813411
0.451000	6.647261
0.451500	6.468711
0.452000	6.290161
0.452500	6.112231
0.453000	5.942981
0.453500	5.784890
0.454000	5.645398
0.454500	5.528844
0.455000	5.431510
0.455500	5.358974
0.456000	5.307517
0.456500	5.272179
0.457000	5.264120
0.457500	5.278379
0.458000	5.313097
0.458500	5.365174
0.459000	5.438950
0.459500	5.536284
0.460000	5.677016
0.460500	5.805969
0.461000	5.943601
0.461500	6.095492
0.462000	6.249864
0.462500	6.414154
0.463000	6.580925
0.463500	6.745835
0.464000	6.905786
0.464500	7.061397
0.465000	7.186630
0.465500	7.263505
0.466000	7.373859
0.466500	7.463134
0.467000	7.531330
0.467500	7.571008
0.468000	7.585267
0.468500	7.571628
0.469000	7.526990
0.469500	7.482973
0.470000	7.388118
0.470500	7.262886
0.471000	7.120914
0.471500	6.960963
0.472000	6.788613
0.472500	6.602004
0.473000	6.417254
0.473500	6.230645
0.474000	6.044655
0.474500	5.868585
0.475000	5.710494
0.475500	5.572242
0.476000	5.453829
0.476500	5.359594
0.477000	5.285819
0.477500	5.231262
0.478000	5.203363
0.478500	5.194684
0.479000	5.211423
0.479500	5.252340
0.480000	5.310617
0.480500	5.400512
0.481000	5.532564
0.481500	5.655317
0.482000	5.790470
0.482500	5.941121
0.483000	6.102932
0.483500	6.272802
0.484000	6.450112
0.484500	6.626802
0.485000	6.802252
0.485500	6.970263
0.486000	7.072556
0.486500	7.208949
0.487000	7.336041
0.487500	7.445155
0.488000	7.528851
0.488500	7.588987
0.489000	7.622465
0.489500	7.621225
0.490000	7.613786
0.490500	7.568528
0.491000	7.487933
0.491500	7.375719
0.492000	7.244287
0.492500	7.093635
0.493000	6.923765
0.493500	6.737155
0.494000	6.544967
0.494500	6.349058
0.495000	6.151289
0.495500	5.952281
0.496000	5.774971
0.496500	5.610680
0.497000	5.467468
0.497500	5.345955
0.498000	5.244901
0.498500	5.166785
0.499000	5.111609
0.499500	5.079370
0.500000	5.071311
0.500500	5.091770
0.501000	5.135787
0.501500	5.219482
0.502000	5.322396
0.502500	5.431510
0.503000	5.561703
0.503500	5.706154
0.504000	5.863006
0.504500	6.037836
0.505000	6.220725
0.505500	6.408575
0.506000	6.595804
0.506500	6.776214
0.507000	6.892147
0.507500	7.057057
0.508000	7.212049
0.508500	7.345961
0.509000	7.458175
0.509500	7.548069
0.510000	7.608826
0.510500	7.637964
0.511000	7.664003
0.511500	7.639204
0.512000	7.576588
0.512500	7.489793
0.513000	7.376959
0.513500	7.238087
0.514000	7.078136
0.514500	6.907646
0.515000	6.722897
0.515500	6.527607
0.516000	6.331699
0.516500	6.137030
0.517000	5.951040
0.517500	5.779930
0.518000	5.631139
0.518500	5.500946
0.519000	5.391832
0.519500	5.303177
0.520000	5.238701
0.520500	5.191584
0.521000	5.174845
0.521500	5.181045
0.522000	5.217622
0.522500	5.296978
0.523000	5.378193
0.523500	5.478007
0.524000	5.595801
0.524500	5.732813
0.525000	5.886564
0.525500	6.053955
0.526000	6.231265
0.526500	6.416634
0.527000	6.600143
0.527500	6.781173
0.528000	6.955383
0.528500	7.109755
0.529000	7.198410
0.529500	7.331702
0.530000	7.443915
0.530500	7.530090
0.531000	7.590847
0.531500	7.622465
0.532000	7.624325
0.532500	7.592707
0.533000	7.532570
0.533500	7.445775
0.534000	7.352160
0.534500	7.208949
0.535000	7.044038
0.535500	6.864868
0.536000	6.672679
0.536500	6.474291
0.537000	6.268462
0.537500	6.070693
0.538000	5.882844
0.538500	5.716074
0.539000	5.569142
0.539500	5.437090
0.540000	5.332936
0.540500	5.248001
0.541000	5.184764
0.541500	5.145086
0.542000	5.128967
0.542500	5.145707
0.543000	5.207083
0.543500	5.265980
0.544000	5.345955
0.544500	5.451349
0.545000	5.574722
0.545500	5.713594
0.546000	5.870445
0.546500	6.042795
0.547000	6.225685
0.547500	6.417874
0.548000	6.610063
0.548500	6.801012
0.549000	6.984521
0.549500	7.105415
0.550000	7.248626
0.550500	7.392458
0.551000	7.510871
0.551500	7.605106
0.552000	7.668343
0.552500	7.701200
0.553000	7.703681
0.553500	7.670822
0.554000	7.608826
0.554500	7.546209
0.555000	7.430896
0.555500	7.288304
0.556000	7.122154
0.556500	6.939264
0.557000	6.747695
0.557500	6.544967
0.558000	6.338519
0.558500	6.136410
0.559000	5.946701
0.559500	5.768771
0.560000	5.608820
0.560500	5.470568
0.561000	5.352155
0.561500	5.256680
0.562000	5.180425
0.562500	5.128347
0.563000	5.102929
0.563500	5.104789
0.564000	5.157486
0.564500	5.207703
0.565000	5.282099
0.565500	5.383773
0.566000	5.505906
0.566500	5.644158
0.567000	5.802249
0.567500	5.973979
0.568000	6.159968
0.568500	6.354638
0.569000	6.549926
0.569500	6.746455
0.570000	6.924385
0.570500	7.039078
0.571000	7.203369
0.571500	7.348441
0.572000	7.472434
0.572500	7.566669
0.573000	7.635484
0.573500	7.673302
0.574000	7.678882
0.574500	7.648504
0.575000	7.593947
0.575500	7.525751
0.576000	7.403617
0.576500	7.255446
0.577000	7.085576
0.577500	6.894627
0.578000	6.693758
0.578500	6.481730
0.579000	6.264742
0.579500	6.055194
0.580000	5.858046
0.580500	5.679496
0.581000	5.518925
0.581500	5.380673
0.582000	5.265980
0.582500	5.172365
0.583000	5.103549
0.583500	5.059531
0.584000	5.037213
0.584500	5.062631
0.585000	5.106029
0.585500	5.166165
0.586000	5.252960
0.586500	5.363314
0.587000	5.495986
0.587500	5.650978
0.588000	5.827047
0.588500	6.015517
0.589000	6.223205
0.589500	6.430273
0.590000	6.646021
0.590500	6.854949
0.591000	7.032879
0.591500	7.179811
0.592000	7.355880
0.592500	7.513351
0.593000	7.642924
0.593500	7.740258
0.594000	7.807215
0.594500	7.840073
0.595000	7.838833
0.595500	7.793575
0.596000	7.741498
0.596500	7.641684
0.597000	7.502812
0.597500	7.337902
0.598000	7.148192
0.598500	6.942984
0.599000	6.722277
0.599500	6.494130
0.600000	6.266603
0.600500	6.043415
0.601000	5.832627
0.601500	5.644158
0.602000	5.478007
0.602500	5.332936
0.603000	5.211423
0.603500	5.112228
0.604000	5.038453
0.604500	4.991335
0.605000	4.976456
0.605500	5.013034
0.606000	5.054572
0.606500	5.117188
0.607000	5.209563
0.607500	5.330456
0.608000	5.472428
0.608500	5.639198
0.609000	5.823948
0.609500	6.027916
0.610000	6.240564
0.610500	6.460032
0.611000	6.683218
0.611500	6.895247
0.612000	7.044658
0.612500	7.244287
0.613000	7.422836
0.613500	7.574728
0.614000	7.703681
0.614500	7.800395
0.615000	7.857432
0.615500	7.882230
0.616000	7.867971
0.616500	7.827673
0.617000	7.762577
0.617500	7.645404
0.618000	7.495992
0.618500	7.321162
0.619000	7.124633
0.619500	6.910126
0.620000	6.683839
0.620500	6.442052
0.621000	6.206466
0.621500	5.975839
0.622000	5.757612
0.622500	5.553643
0.623000	5.374474
0.623500	5.216383
0.624000	5.085570
0.624500	4.976456
0.625000	4.891521
0.625500	4.839444
0.626000	4.839444
0.626500	4.846263
0.627000	4.876022
0.627500	4.940498
0.628000	5.035353
0.628500	5.156866
0.629000	5.302557
0.629500	5.477387
0.630000	5.670197
0.630500	5.882844
0.631000	6.109751
0.631500	6.344718
0.632000	6.584644
0.632500	6.770634
0.633000	6.981421
0.633500	7.202749
0.634000	7.402997
0.634500	7.575348
0.635000	7.723519
0.635500	7.838213
0.636000	7.915709
0.636500	7.958486
0.637000	7.958486
0.637500	7.951046
0.638000	7.886570
0.638500	7.782416
0.639000	7.648504
0.639500	7.481113
0.640000	7.292024
0.640500	7.079996
0.641000	6.856189
0.641500	6.617503
0.642000	6.376336
0.642500	6.143229
0.643000	5.919422
0.643500	5.708634
0.644000	5.520785
0.644500	5.353395
0.645000	5.211423
0.645500	5.088670
0.646000	4.992575
0.646500	4.932438
0.647000	4.917560
0.647500	4.910740
0.648000	4.931199
0.648500	4.987616
0.649000	5.072551
0.649500	5.189724
0.650000	5.331696
0.650500	5.506526
0.651000	5.698715
0.651500	5.907023
0.652000	6.135170
0.652500	6.371377
0.653000	6.602004
0.653500	6.783653
0.654000	7.011180
0.654500	7.232507
0.655000	7.429656
0.655500	7.605106
0.656000	7.750178
0.656500	7.861772
0.657000	7.937407
0.657500	7.976465
0.658000	7.980805
0.658500	7.963446
0.659000	7.887810
0.659500	7.774976
0.660000	7.625565
0.660500	7.450735
0.661000	7.249247
0.661500	7.027299
0.662000	6.785513
0.662500	6.537527
0.663000	6.292641
0.663500	6.050235
0.664000	5.821468
0.664500	5.613780
0.665000	5.424691
0.665500	5.259160
0.666000	5.119048
0.666500	5.004974
0.667000	4.916319
0.667500	4.874162
0.668000	4.849983
0.668500	4.847504
0.669000	4.873542
0.669500	4.934299
0.670000	5.028533
0.670500	5.145707
0.671000	5.295118
0.671500	5.476148
0.672000	5.674536
0.672500	5.888424
0.673000	6.126491
0.673500	6.370757
0.674000	6.591464
0.674500	6.797912
0.675000	7.037838
0.675500	7.265985
0.676000	7.468714
0.676500	7.643544
0.677000	7.793575
0.677500	7.905169
0.678000	7.978945
0.678500	8.014903
0.679000	8.027922
0.679500	7.993204
0.680000	7.914468
0.680500	7.800395
0.681000	7.654703
0.681500	7.481733
0.682000	7.283344
0.682500	7.066357
0.683000	6.835730
0.683500	6.593944
0.684000	6.352158
0.684500	6.117811
0.685000	5.891524
0.685500	5.681356
0.686000	5.491027
0.686500	5.319296
0.687000	5.172985
0.687500	5.049612
0.688000	4.960957
0.688500	4.915699
0.689000	4.875402
0.689500	4.862382
0.690000	4.882842
0.690500	4.936158
0.691000	5.017994
0.691500	5.133307
0.692000	5.274039
0.692500	5.447629
0.693000	5.637959
0.693500	5.843787
0.694000	6.066974
0.694500	6.291401
0.695000	6.478011
0.695500	6.712357
0.696000	6.946084
0.696500	7.161831
0.697000	7.357740
0.697500	7.529470
0.698000	7.675782
0.698500	7.790475
0.699000	7.864251
0.699500	7.912609
0.700000	7.932447
0.700500	7.897729
0.701000	7.830153
0.701500	7.728479
0.702000	7.597667
0.702500	7.436476
0.703000	7.251106
0.703500	7.047138
0.704000	6.825191
0.704500	6.599524
0.705000	6.370137
0.705500	6.147569
0.706000	5.933681
0.706500	5.729093
0.707000	5.543724
0.707500	5.379433
0.708000	5.236221
0.708500	5.115948
0.709000	5.046512
0.709500	4.980796
0.710000	4.930579
0.710500	4.913220
0.711000	4.929339
0.711500	4.975216
0.712000	5.047752
0.712500	5.152526
0.713000	5.282099
0.713500	5.440810
0.714000	5.623079
0.714500	5.823328
0.715000	6.040316
0.715500	6.226925
0.716000	6.427794
0.716500	6.659660
0.717000	6.883467
0.717500	7.094255
0.718000	7.282104
0.718500	7.453215
0.719000	7.596426
0.719500	7.706780
0.720000	7.784276
0.720500	7.846892
0.721000	7.857432
0.721500	7.826434
0.722000	7.760098
0.722500	7.660903
0.723000	7.536910
0.723500	7.381919
0.724000	7.203989
0.724500	7.005600
0.725000	6.794192
0.725500	6.576585
0.726000	6.362697
0.726500	6.154389
0.727000	5.954760
0.727500	5.768771
0.728000	5.599521
0.728500	5.450109
0.729000	5.321157
0.729500	5.223822
0.730000	5.163065
0.730500	5.102309
0.731000	5.062631
0.731500	5.055811
0.732000	5.079370
0.732500	5.131447
0.733000	5.212043
0.733500	5.319917
0.734000	5.451969
0.734500	5.608820
0.735000	5.785510
0.735500	5.981419
0.736000	6.176708
0.736500	6.339758
0.737000	6.559226
0.737500	6.778693
0.738000	6.990721
0.738500	7.184770
0.739000	7.365800
0.739500	7.513971
0.740000	7.643544
0.740500	7.735299
0.741000	7.801015
0.741500	7.847512
0.742000	7.837593
0.742500	7.795435
0.743000	7.718560
0.743500	7.606966
0.744000	7.472434
0.744500	7.313723
0.745000	7.134553
0.745500	6.931205
0.746000	6.725996
0.746500	6.515208
0.747000	6.304420
0.747500	6.104172
0.748000	5.914463
0.748500	5.737153
0.749000	5.574102
0.749500	5.433990
0.750000	5.310617
0.750500	5.230641
0.751000	5.163685
0.751500	5.102309
0.752000	5.066351
0.752500	5.062011
0.753000	5.083710
0.753500	5.130208
0.754000	5.207703
0.754500	5.308757
0.755000	5.435230
0.755500	5.583402
0.756000	5.752652
0.756500	5.934301
0.757000	6.106031
0.757500	6.269702
0.758000	6.479870
0.758500	6.682599
0.759000	6.882847
0.759500	7.065117
0.760000	7.231267
0.760500	7.368279
0.761000	7.484833
0.761500	7.570388
0.762000	7.634244
0.762500	7.664623
0.763000	7.652224
0.763500	7.608206
0.764000	7.533190
0.764500	7.435856
0.765000	7.306283
0.765500	7.162451
0.766000	6.994441
0.766500	6.814651
0.767000	6.628662
0.767500	6.440813
0.768000	6.252963
0.768500	6.076273
0.769000	5.907643
0.769500	5.752032
0.770000	5.612540
0.770500	5.483587
0.771000	5.387493
0.771500	5.327356
0.772000	5.262260
0.772500	5.214522
0.773000	5.197783
0.773500	5.204603
0.774000	5.233121
0.774500	5.292638
0.775000	5.376953
0.775500	5.481107
0.776000	5.609440
0.776500	5.756991
0.777000	5.919422
0.777500	6.084953
0.778000	6.218865
0.778500	6.412914
0.779000	6.605103
0.779500	6.790473
0.780000	6.965922
0.780500	7.132073
0.781000	7.274665
0.781500	7.399898
0.782000	7.498472
0.782500	7.568528
0.783000	7.629905
0.783500	7.633625
0.784000	7.604486
0.784500	7.549929
0.785000	7.464994
0.785500	7.355260
0.786000	7.224448
0.786500	7.072556
0.787000	6.903926
0.787500	6.730956
0.788000	6.555506
0.788500	6.378816
0.789000	6.216385
0.789500	6.050855
0.790000	5.906403
0.790500	5.773731
0.791000	5.654697
0.791500	5.553023
0.792000	5.496606
0.792500	5.432750
0.793000	5.383773
0.793500	5.350915
0.794000	5.344715
0.794500	5.360214
0.795000	5.406092
0.795500	5.466848
0.796000	5.552403
0.796500	5.659037
0.797000	5.785510
0.797500	5.930582
0.798000	6.088053
0.798500	6.205226
0.799000	6.363317
0.799500	6.542487
0.800000	6.716077
0.800500	6.880988
0.801000	7.034119
0.801500	7.168031
0.802000	7.285824
0.802500	7.376339
0.803000	7.442676
0.803500	7.501572
0.804000	7.505912
0.804500	7.480493
0.805000	7.430896
0.805500	7.352160
0.806000	7.254826
0.806500	7.130833
0.807000	6.992581
0.807500	6.836350
0.808000	6.675779
0.808500	6.509629
0.809000	6.347198
0.809500	6.192827
0.810000	6.040316
0.810500	5.900823
0.811000	5.771251
0.811500	5.657177
0.812000	5.553643
0.812500	5.478007
0.813000	5.432130
0.813500	5.382533
0.814000	5.348435
0.814500	5.337276
0.815000	5.349675
0.815500	5.384393
0.816000	5.439569
0.816500	5.514585
0.817000	5.612540
0.817500	5.728473
0.818000	5.859906
0.818500	6.005598
0.819000	6.150669
0.819500	6.264742
0.820000	6.435853
0.820500	6.600143
0.821000	6.761334
0.821500	6.916945
0.822000	7.051478
0.822500	7.169891
0.823000	7.274045
0.823500	7.349061
0.824000	7.404238
0.824500	7.442055
0.825000	7.432756
0.825500	7.398658
0.826000	7.339761
0.826500	7.258546
0.827000	7.154392
0.827500	7.031019
0.828000	6.894627
0.828500	6.747075
0.829000	6.592084
0.829500	6.439573
0.830000	6.292021
0.830500	6.148189
0.831000	6.011797
0.831500	5.888424
0.832000	5.774351
0.832500	5.672056
0.833000	5.587121
0.833500	5.546204
0.834000	5.494126
0.834500	5.456309
0.835000	5.437090
0.835500	5.440810
0.836000	5.464368
0.836500	5.512105
0.837000	5.572862
0.837500	5.655937
0.838000	5.760091
0.838500	5.882225
0.839000	6.019856
0.839500	6.161209
0.840000	6.263503
0.840500	6.407954
0.841000	6.567905
0.841500	6.719797
0.842000	6.867968
0.842500	6.999401
0.843000	7.116574
0.843500	7.209569
0.844000	7.285204
0.844500	7.331702
0.845000	7.379439
0.845500	7.370140
0.846000	7.334802
0.846500	7.276525
0.847000	7.195930
0.847500	7.096115
0.848000	6.978322
0.848500	6.847509
0.849000	6.706157
0.849500	6.556746
0.850000	6.411674
0.850500	6.270322
0.851000	6.133930
0.851500	6.008077
0.852000	5.891524
0.852500	5.785510
0.853000	5.693755
0.853500	5.613160
0.854000	5.558603
0.854500	5.534424
0.855000	5.502186
0.855500	5.492267
0.856000	5.499706
0.856500	5.531324
0.857000	5.579682
0.857500	5.649738
0.858000	5.737153
0.858500	5.843787
0.859000	5.970259
0.859500	6.104172
0.860000	6.251723
0.860500	6.391215
0.861000	6.494750
0.861500	6.652841
0.862000	6.801632
0.862500	6.945464
0.863000	7.073796
0.863500	7.186010
0.864000	7.279624
0.864500	7.350301
0.865000	7.394318
0.865500	7.419116
0.866000	7.427176
0.866500	7.388118
0.867000	7.324882
0.867500	7.239947
0.868000	7.133313
0.868500	7.008700
0.869000	6.869828
0.869500	6.722897
0.870000	6.569145
0.870500	6.414154
0.871000	6.267842
0.871500	6.130210
0.872000	6.002498
0.872500	5.880364
0.873000	5.779310
0.873500	5.685696
0.874000	5.606960
0.874500	5.541864
0.875000	5.523885
0.875500	5.495367
0.876000	5.478627
0.876500	5.484827
0.877000	5.509625
0.877500	5.552403
0.878000	5.613780
0.878500	5.694375
0.879000	5.793570
0.879500	5.907023
0.880000	6.033496
0.880500	6.174228
0.881000	6.321779
0.881500	6.420974
0.882000	6.559226
0.882500	6.706778
0.883000	6.848749
0.883500	6.977702
0.884000	7.088056
0.884500	7.179811
0.885000	7.252966
0.885500	7.297604
0.886000	7.318062
0.886500	7.334182
0.887000	7.301943
0.887500	7.243047
0.888000	7.162451
0.888500	7.062637
0.889000	6.947944
0.889500	6.809691
0.890000	6.670819
0.890500	6.522028
0.891000	6.372616
0.891500	6.228785
0.892000	6.090532
0.892500	5.966539
0.893000	5.848126
0.893500	5.740872
0.894000	5.652217
0.894500	5.577202
0.895000	5.514585
0.895500	5.472428
0.896000	5.466228
0.896500	5.453209
0.897000	5.460029
0.897500	5.489167
0.898000	5.535664
0.898500	5.602000
0.899000	5.689415
0.899500	5.792329
0.900000	5.910123
0.900500	6.042795
0.901000	6.185387
0.901500	6.337898
0.902000	6.481730
0.902500	6.584644
0.903000	6.739635
0.903500	6.882227
0.904000	7.018000
0.904500	7.138893
0.905000	7.243047
0.905500	7.324882
0.906000	7.379439
0.906500	7.407958
0.907000	7.416637
0.907500	7.409197
0.908000	7.355880
0.908500	7.276525
0.909000	7.179191
0.909500	7.058297
0.910000	6.922525
0.910500	6.770634
0.911000	6.613163
0.911500	6.453832
0.912000	6.292641
0.912500	6.141990
0.913000	6.000018
0.913500	5.869205
0.914000	5.750172
0.914500	5.648498
0.915000	5.560463
0.915500	5.488547
0.916000	5.432130
0.916500	5.425311
0.917000	5.406092
0.917500	5.407951
0.918000	5.430270
0.918500	5.471188
0.919000	5.536284
0.919500	5.619359
0.920000	5.724753
0.920500	5.842546
0.921000	5.975839
0.921500	6.125250
0.922000	6.283341
0.922500	6.443913
0.923000	6.557366
0.923500	6.708017
0.924000	6.864248
0.924500	7.010560
0.925000	7.141993
0.925500	7.254826
0.926000	7.349681
0.926500	7.416017
0.927000	7.451355
0.927500	7.463754
0.928000	7.471194
0.928500	7.420977
0.929000	7.345341
0.929500	7.248006
0.930000	7.127113
0.930500	6.987621
0.931000	6.834490
0.931500	6.669580
0.932000	6.502809
0.932500	6.333559
0.933000	6.171128
0.933500	6.020476
0.934000	5.879745
0.934500	5.755132
0.935000	5.641678
0.935500	5.548063
0.936000	5.468708
0.936500	5.410431
0.937000	5.373233
0.937500	5.372613
0.938000	5.368274
0.938500	5.387493
0.939000	5.430890
0.939500	5.491647
0.940000	5.578442
0.940500	5.680736
0.941000	5.801629
0.941500	5.939881
0.942000	6.091773
0.942500	6.256063
0.943000	6.429653
0.943500	6.586504
0.944000	6.702437
0.944500	6.868588
0.945000	7.024819
0.945500	7.164311
0.946000	7.287064
0.946500	7.386878
0.947000	7.463134
0.947500	7.511491
0.948000	7.528231
0.948500	7.527611
0.949000	7.505912
0.949500	7.437096
0.950000	7.339141
0.950500	7.220108
0.951000	7.079996
0.951500	6.922525
0.952000	6.750795
0.952500	6.571625
0.953000	6.394315
0.953500	6.210806
0.954000	6.042175
0.954500	5.885324
0.955000	5.743972
0.955500	5.616260
0.956000	5.508386
0.956500	5.417871
0.957000	5.342235
0.957500	5.289538
0.958000	5.283958
0.958500	5.272799
0.959000	5.283958
0.959500	5.312477
0.960000	5.367654
0.960500	5.445149
0.961000	5.544343
0.961500	5.660897
0.962000	5.792950
0.962500	5.944221
0.963000	6.108511
0.963500	6.280241
0.964000	6.458171
0.964500	6.584024
0.965000	6.748935
0.965500	6.920045
0.966000	7.076896
0.966500	7.215768
0.967000	7.337281
0.967500	7.432756
0.968000	7.499092
0.968500	7.538770
0.969000	7.546209
0.969500	7.549309
0.970000	7.499092
0.970500	7.409817
0.971000	7.303803
0.971500	7.172371
0.972000	7.021100
0.972500	6.848749
0.973000	6.670819
0.973500	6.484210
0.974000	6.300081
0.974500	6.119051
0.975000	5.948561
0.975500	5.794809
0.976000	5.655937
0.976500	5.533804
0.977000	5.429650
0.977500	5.343475
0.978000	5.279619
0.978500	5.241801
0.979000	5.238081
0.979500	5.233741
0.980000	5.254820
0.980500	5.301318
0.981000	5.373233
0.981500	5.470568
0.982000	5.586501
0.982500	5.719174
0.983000	5.871065
0.983500	6.040936
0.984000	6.220725
0.984500	6.408575
0.985000	6.585884
0.985500	6.722897
0.986000	6.909506
0.986500	7.084956
0.987000	7.242427
0.987500	7.380059
0.988000	7.499712
0.988500	7.591467
0.989000	7.653463
0.989500	7.678262
0.990000	7.689421
0.990500	7.670202
0.991000	7.602006
0.991500	7.505292
0.992000	7.384399
0.992500	7.236227
0.993000	7.070697
0.993500	6.889667
0.994000	6.695618
0.994500	6.499089
0.995000	6.304420
0.995500	6.114091
0.996000	5.937401
0.996500	5.779930
0.997000	5.634239
0.997500	5.510866
0.998000	5.405472
0.998500	5.321776
0.999000	5.255440
0.999500	5.241181
1.000000	5.217622
1.000500	5.216383
1.001000	5.244901
1.001500	5.298218
1.002000	5.376333
1.002500	5.474288
1.003000	5.596421
1.003500	5.734673
1.004000	5.892764
1.004500	6.065734
1.005000	6.249864
1.005500	6.444532
1.006000	6.580305
1.006500	6.761334
1.007000	6.947944
1.007500	7.117194
1.008000	7.269705
1.008500	7.401138
1.009000	7.508392
1.009500	7.586507
1.010000	7.629905
1.010500	7.643544
1.011000	7.649744
1.011500	7.598907
1.012000	7.509632
1.012500	7.398658
1.013000	7.263505
1.013500	7.102315
1.014000	6.925005
1.014500	6.735296
1.015000	6.536287
1.015500	6.336039
1.016000	6.138890
1.016500	5.952281
1.017000	5.775590
1.017500	5.619359
1.018000	5.474908
1.018500	5.356494
1.019000	5.254820
1.019500	5.175465
1.020000	5.128967
1.020500	5.108509
1.021000	5.096729
1.021500	5.107889
1.022000	5.147566
1.022500	5.213283
1.023000	5.308757
1.023500	5.426550
1.024000	5.563562
1.024500	5.717314
1.025000	5.890284
1.025500	6.083093
1.026000	6.283341
1.026500	6.476151
1.027000	6.626182
1.027500	6.828910
1.028000	7.020480
1.028500	7.195310
1.029000	7.350301
1.029500	7.486693
1.030000	7.593327
1.030500	7.670202
1.031000	7.714840
1.031500	7.735919
1.032000	7.734059
1.032500	7.677642
1.033000	7.590847
1.033500	7.476773
1.034000	7.337902
1.034500	7.173611
1.035000	6.996921
1.035500	6.804112
1.036000	6.602004
1.036500	6.400515
1.037000	6.198406
1.037500	6.010557
1.038000	5.836347
1.038500	5.678256
1.039000	5.540004
1.039500	5.418491
1.040000	5.320537
1.040500	5.240561
1.041000	5.214522
1.041500	5.177945
1.042000	5.166785
1.042500	5.183524
1.043000	5.232502
1.043500	5.298838
1.044000	5.393072
1.044500	5.512725
1.045000	5.650358
1.045500	5.807209
1.046000	5.980799
1.046500	6.168648
1.047000	6.364557
1.047500	6.512108
1.048000	6.701198
1.048500	6.897727
1.049000	7.081236
1.049500	7.248006
1.050000	7.394318
1.050500	7.515211
1.051000	7.609446
1.051500	7.670822
1.052000	7.698101
1.052500	7.719800
1.053000	7.683842
1.053500	7.609446
1.054000	7.509012
1.054500	7.381299
1.055000	7.230028
1.055500	7.057677
1.056000	6.868588
1.056500	6.669580
1.057000	6.463751
1.057500	6.260403
1.058000	6.064494
1.058500	5.881605
1.059000	5.715454
1.059500	5.562323
1.060000	5.427170
1.060500	5.313717
1.061000	5.223202
1.061500	5.163685
1.062000	5.129587
1.062500	5.099209
1.063000	5.099209
1.063500	5.124008
1.064000	5.179184
1.064500	5.260400
1.065000	5.366414
1.065500	5.492887
1.066000	5.642298
1.066500	5.808449
1.067000	5.993818
1.067500	6.191587
1.068000	6.383156
1.068500	6.534427
1.069000	6.740255
1.069500	6.936164
1.070000	7.121534
1.070500	7.283344
1.071000	7.429036
1.071500	7.548689
1.072000	7.636105
1.072500	7.694381
1.073000	7.728479
1.073500	7.739638
1.074000	7.694381
1.074500	7.619985
1.075000	7.515211
1.075500	7.388118
1.076000	7.233127
1.076500	7.061397
1.077000	6.874168
1.077500	6.674539
1.078000	6.476151
1.078500	6.274662
1.079000	6.084953
1.079500	5.906403
1.080000	5.742733
1.080500	5.596421
1.081000	5.469328
1.081500	5.362694
1.082000	5.274659
1.082500	5.238081
1.083000	5.195303
1.083500	5.171745
1.084000	5.175465
1.084500	5.208323
1.085000	5.266600
1.085500	5.350915
1.086000	5.457549
1.086500	5.588981
1.087000	5.736533
1.087500	5.903303
1.088000	6.084953
1.088500	6.280241
1.089000	6.431513
1.089500	6.615643
1.090000	6.818371
1.090500	7.005600
1.091000	7.177950
1.091500	7.330462
1.092000	7.464994
1.092500	7.567288
1.093000	7.645404
1.093500	7.686321
1.094000	7.716700
1.094500	7.697481
1.095000	7.641064
1.095500	7.549929
1.096000	7.436476
1.096500	7.294504
1.097000	7.132693
1.097500	6.955383
1.098000	6.760715
1.098500	6.562945
1.099000	6.362077
1.099500	6.165548
1.100000	5.978939
1.100500	5.804729
1.101000	5.642298
1.101500	5.502186
1.102000	5.378193
1.102500	5.274039
1.103000	5.199643
1.103500	5.155626
1.104000	5.114708
1.104500	5.097969
1.105000	5.107269
1.105500	5.145707
1.106000	5.212043
1.106500	5.306277
1.107000	5.420351
1.107500	5.554883
1.108000	5.711114
1.108500	5.884704
1.109000	6.076893
1.109500	6.259783
1.110000	6.407334
1.110500	6.610683
1.111000	6.807832
1.111500	6.995681
1.112000	7.163692
1.112500	7.315583
1.113000	7.441435
1.113500	7.542490
1.114000	7.613786
1.114500	7.662143
1.115000	7.686942
1.115500	7.660283
1.116000	7.602006
1.116500	7.512732
1.117000	7.399278
1.117500	7.258546
1.118000	7.100455
1.118500	6.924385
1.119000	6.735916
1.119500	6.544967
1.120000	6.354638
1.120500	6.163688
1.121000	5.990098
1.121500	5.828907
1.122000	5.681356
1.122500	5.551783
1.123000	5.442669
1.123500	5.350295
1.124000	5.308757
1.124500	5.259160
1.125000	5.227542
1.125500	5.223202
1.126000	5.246761
1.126500	5.292638
1.127000	5.367034
1.127500	5.463128
1.128000	5.582781
1.128500	5.717934
1.129000	5.874785
1.129500	6.044655
1.130000	6.228165
1.130500	6.366417
1.131000	6.551786
1.131500	6.745215
1.132000	6.928725
1.132500	7.099835
1.133000	7.256686
1.133500	7.389978
1.134000	7.497232
1.134500	7.577208
1.135000	7.629285
1.135500	7.668962
1.136000	7.656563
1.136500	7.610066
1.137000	7.528851
1.137500	7.425316
1.138000	7.295124
1.138500	7.144473
1.139000	6.980182
1.139500	6.795432
1.140000	6.607583
1.140500	6.416634
1.141000	6.228785
1.141500	6.049615
1.142000	5.882225
1.142500	5.725993
1.143000	5.593941
1.143500	5.467468
1.144000	5.367034
1.144500	5.298218
1.145000	5.251101
1.145500	5.205843
1.146000	5.184144
1.146500	5.186004
1.147000	5.217002
1.147500	5.274659
1.148000	5.356494
1.148500	5.461888
1.149000	5.584641
1.149500	5.730333
1.150000	5.890904
1.150500	6.065734
1.151000	6.235604
1.151500	6.375716
1.152000	6.572865
1.152500	6.758854
1.153000	6.938024
1.153500	7.101075
1.154000	7.249247
1.154500	7.375099
1.155000	7.476153
1.155500	7.549309
1.156000	7.601387
1.156500	7.628665
1.157000	7.606346
1.157500	7.554889
1.158000	7.472434
1.158500	7.367040
1.159000	7.240567
1.159500	7.087436
1.160000	6.921285
1.160500	6.746455
1.161000	6.567905
1.161500	6.387496
1.162000	6.208946
1.162500	6.042795
1.163000	5.887184
1.163500	5.746452
1.164000	5.623079
1.164500	5.514585
1.165000	5.425931
1.165500	5.385633
1.166000	5.336656
1.166500	5.301938
1.167000	5.292018
1.167500	5.306277
1.168000	5.347815
1.168500	5.414151
1.169000	5.503426
1.169500	5.611300
1.170000	5.740252
1.170500	5.879745
1.171000	6.044655
1.171500	6.216385
1.172000	6.344098
1.172500	6.517068
1.173000	6.706157
1.173500	6.881608
1.174000	7.044038
1.174500	7.194690
1.175000	7.323022
1.175500	7.430896
1.176000	7.509632
1.176500	7.558609
1.177000	7.602626
1.177500	7.592087
1.178000	7.546829
1.178500	7.471194
1.179000	7.371379
1.179500	7.251726
1.180000	7.108514
1.180500	6.948564
1.181000	6.774354
1.181500	6.598284
1.182000	6.419114
1.182500	6.241184
1.183000	6.075033
1.183500	5.918182
1.184000	5.771871
1.184500	5.642918
1.185000	5.530085
1.185500	5.435230
1.186000	5.370754
1.186500	5.331076
1.187000	5.284578
1.187500	5.264120
1.188000	5.269700
1.188500	5.297598
1.189000	5.352775
1.189500	5.428411
1.190000	5.527605
1.190500	5.643538
1.191000	5.778690
1.191500	5.930582
1.192000	6.097972
1.192500	6.259783
1.193000	6.389356
1.193500	6.570385
1.194000	6.747075
1.194500	6.915706
1.195000	7.068837
1.195500	7.200269
1.196000	7.316823
1.196500	7.406097
1.197000	7.468094
1.197500	7.512112
1.198000	7.530090
1.198500	7.503432
1.199000	7.445155
1.199500	7.362700
1.200000	7.254826
1.200500	7.127733
1.201000	6.980802
1.201500	6.820851
1.202000	6.654700
1.202500	6.482350
1.203000	6.313100
1.203500	6.146949
1.204000	5.993818
1.204500	5.848746
1.205000	5.722894
1.205500	5.611300
1.206000	5.511486
1.206500	5.437710
1.207000	5.407951
1.207500	5.365174
1.208000	5.341615
1.208500	5.339135
1.209000	5.364554
1.209500	5.407331
1.210000	5.477387
1.210500	5.567903
1.211000	5.675156
1.211500	5.802249
1.212000	5.941121
1.212500	6.097972
1.213000	6.267222
1.213500	6.383156
1.214000	6.547446
1.214500	6.725376
1.215000	6.889667
1.215500	7.047138
1.216000	7.184150
1.216500	7.302563
1.217000	7.398038
1.217500	7.468094
1.218000	7.505912
1.218500	7.543730
1.219000	7.528231
1.219500	7.478014
1.220000	7.406717
1.220500	7.303184
1.221000	7.184770
1.221500	7.043418
1.222000	6.889047
1.222500	6.722277
1.223000	6.556746
1.223500	6.386256
1.224000	6.221965
1.224500	6.063254
1.225000	5.915702
1.225500	5.783030
1.226000	5.666477
1.226500	5.561703
1.227000	5.472428
1.227500	5.416011
1.228000	5.383773
1.228500	5.344095
1.229000	5.329836
1.229500	5.337895
1.230000	5.370754
1.230500	5.425311
1.231000	5.503426
1.231500	5.598901
1.232000	5.717314
1.232500	5.848126
1.233000	5.996298
1.233500	6.156249
1.234000	6.307520
1.234500	6.425933
1.235000	6.599524
1.235500	6.766294
1.236000	6.921905
1.236500	7.066357
1.237000	7.184770
1.237500	7.290164
1.238000	7.368900
1.238500	7.424077
1.239000	7.460034
1.239500	7.466234
1.240000	7.435236
1.240500	7.370759
1.241000	7.287064
1.241500	7.178570
1.242000	7.047758
1.242500	6.903926
1.243000	6.748935
1.243500	6.582164
1.244000	6.419734
1.244500	6.257923
1.245000	6.106031
1.245500	5.957240
1.246000	5.823328
1.246500	5.704915
1.247000	5.601380
1.247500	5.514585
1.248000	5.442669
1.248500	5.421591
1.249000	5.388113
1.249500	5.371994
1.250000	5.380673
1.250500	5.409192
1.251000	5.461268
1.251500	5.535664
1.252000	5.628039
1.252500	5.741492
1.253000	5.871685
1.253500	6.010557
1.254000	6.169888
1.254500	6.336039
1.255000	6.450112
1.255500	6.613783
1.256000	6.782413
1.256500	6.944844
1.257000	7.091775
1.257500	7.220108
1.258000	7.329222
1.258500	7.413537
1.259000	7.477394
1.259500	7.505292
1.260000	7.531950
1.260500	7.502812
1.261000	7.447635
1.261500	7.362700
1.262000	7.251726
1.262500	7.124633
1.263000	6.977702
1.263500	6.818371
1.264000	6.650361
1.264500	6.482350
1.265000	6.313720
1.265500	6.153149
1.266000	6.003118
1.266500	5.860526
1.267000	5.733433
1.267500	5.621839
1.268000	5.524505
1.268500	5.445769
1.269000	5.396792
1.269500	5.371374
1.270000	5.345955
1.270500	5.339756
1.271000	5.358354
1.271500	5.400512
1.272000	5.466848
1.272500	5.550543
1.273000	5.657177
1.273500	5.781790
1.274000	5.920042
1.274500	6.074413
1.275000	6.235604
1.275500	6.388735
1.276000	6.511488
1.276500	6.685079
1.277000	6.848749
1.277500	7.000640
1.278000	7.136413
1.278500	7.251106
1.279000	7.344721
1.279500	7.413537
1.280000	7.454455
1.280500	7.481113
1.281000	7.479253
1.281500	7.431516
1.282000	7.360840
1.282500	7.264746
1.283000	7.145092
1.283500	7.009320
1.284000	6.855569
1.284500	6.692518
1.285000	6.524508
1.285500	6.358977
1.286000	6.194067
1.286500	6.041555
1.287000	5.893384
1.287500	5.762571
1.288000	5.646018
1.288500	5.546204
1.289000	5.466228
1.289500	5.396792
1.290000	5.383153
1.290500	5.356494
1.291000	5.350295
1.291500	5.362074
1.292000	5.399892
1.292500	5.460649
1.293000	5.546204
1.293500	5.644158
1.294000	5.764431
1.294500	5.903923
1.295000	6.053335
1.295500	6.213905
1.296000	6.383156
1.296500	6.497229
1.297000	6.662760
1.297500	6.833870
1.298000	6.993201
1.298500	7.140132
1.299000	7.267845
1.299500	7.373859
1.300000	7.455075
1.300500	7.507152
1.301000	7.532570
1.301500	7.553029
1.302000	7.520171
1.302500	7.456934
1.303000	7.368279
1.303500	7.248006
1.304000	7.115954
1.304500	6.965302
1.305000	6.801632
1.305500	6.629282
1.306000	6.453212
1.306500	6.282722
1.307000	6.120291
1.307500	5.965919
1.308000	5.821468
1.308500	5.694375
1.309000	5.586501
1.309500	5.489167
1.310000	5.411671
1.310500	5.365794
1.311000	5.345955
1.311500	5.324876
1.312000	5.320537
1.312500	5.344715
1.313000	5.394312
1.313500	5.464988
1.314000	5.554883
1.314500	5.666477
1.315000	5.798529
1.315500	5.942361
1.316000	6.101072
1.316500	6.270322
1.317000	6.431513
1.317500	6.553026
1.318000	6.726616
1.318500	6.892767
1.319000	7.046518
1.319500	7.184770
1.320000	7.300084
1.320500	7.390598
1.321000	7.460654
1.321500	7.495992
1.322000	7.517691
1.322500	7.512732
1.323000	7.461274
1.323500	7.383159
1.324000	7.281485
1.324500	7.155012
1.325000	7.012420
1.325500	6.853709
1.326000	6.682599
1.326500	6.508389
1.327000	6.332319
1.327500	6.165548
1.328000	6.005598
1.328500	5.851846
1.329000	5.719174
1.329500	5.602000
1.330000	5.499706
1.330500	5.414151
1.331000	5.352155
1.331500	5.335416
1.332000	5.311237
1.332500	5.305657
1.333000	5.322396
1.333500	5.364554
1.334000	5.429650
1.334500	5.516445
1.335000	5.623699
1.335500	5.750172
1.336000	5.894004
1.336500	6.050235
1.337000	6.217625
1.337500	6.393695
1.338000	6.515828
1.338500	6.690038
1.339000	6.866728
1.339500	7.026679
1.340000	7.178570
1.340500	7.309383
1.341000	7.414157
1.341500	7.494133
1.342000	7.546829
1.342500	7.570388
1.343000	7.590847
1.343500	7.550549
1.344000	7.483593
1.344500	7.388739
1.345000	7.269705
1.345500	7.125874
1.346000	6.966543
1.346500	6.792953
1.347000	6.613163
1.347500	6.432133
1.348000	6.251723
1.348500	6.085573
1.349000	5.946701
1.349500	5.796049
1.350000	5.662137
1.350500	5.545584
1.351000	5.443910
1.351500	5.365174
1.352000	5.302557
1.352500	5.262880
1.353000	5.243041
1.353500	5.241181
1.354000	5.267839
1.354500	5.319296
1.355000	5.383153
1.355500	5.424691
1.356000	5.540624
1.356500	5.683216
1.357000	5.832627
1.357500	5.998778
1.358000	6.174848
1.358500	6.355258
1.359000	6.538767
1.359500	6.716077
1.360000	6.882227
1.360500	7.065737
1.361000	7.206469
1.361500	7.326122
1.362000	7.418497
1.362500	7.489793
1.363000	7.535670
1.363500	7.551169
1.364000	7.539390
1.364500	7.497852
1.365000	7.433376
1.365500	7.342861
1.366000	7.233127
1.366500	7.099835
1.367000	6.947944
1.367500	6.789233
1.368000	6.624942
1.368500	6.456312
1.369000	6.287061
1.369500	6.155009
1.370000	6.002498
1.370500	5.856806
1.371000	5.730953
1.371500	5.620599
1.372000	5.527605
1.372500	5.451969
1.373000	5.397412
1.373500	5.361454
1.374000	5.345955
1.374500	5.352155
1.375000	5.380053
1.375500	5.431510
1.376000	5.456309
1.376500	5.532564
1.377000	5.648498
1.377500	5.774351
1.378000	5.918802
1.378500	6.067594
1.379000	6.229404
1.379500	6.391835
1.380000	6.556126
1.380500	6.714837
1.381000	6.889047
1.381500	7.032879
1.382000	7.156252
1.382500	7.260406
1.383000	7.346581
1.383500	7.403617
1.384000	7.434616
1.384500	7.445775
1.385000	7.429656
1.385500	7.391218
1.386000	7.327982
1.386500	7.246147
1.387000	7.140753
1.387500	7.021100
1.388000	6.893387
1.388500	6.755754
1.389000	6.615023
1.389500	6.471191
1.390000	6.334178
1.390500	6.197786
1.391000	6.065734
1.391500	5.944221
1.392000	5.834487
1.392500	5.738393
1.393000	5.657797
1.393500	5.584641
1.394000	5.530704
1.394500	5.491027
1.395000	5.473668
1.395500	5.470568
1.396000	5.490407
1.396500	5.530085
1.397000	5.588981
1.397500	5.665857
1.398000	5.761331
1.398500	5.868585
1.399000	5.988238
1.399500	6.117191
1.400000	6.251723
1.400500	6.383156
1.401000	6.520788
1.401500	6.647881
1.402000	6.770634
1.402500	6.876647
1.403000	6.972122
1.403500	7.047138
1.404000	7.106655
1.404500	7.146952
1.405000	7.164311
1.405500	7.162451
1.406000	7.138893
1.406500	7.102315
1.407000	7.044658
1.407500	6.970263
1.408000	6.883467
1.408500	6.788613
1.409000	6.688179
1.409500	6.576585
1.410000	6.463131
1.410500	6.352777
1.411000	6.244284
1.411500	6.146329
1.412000	6.042795
1.412500	5.954140
1.413000	5.875405
1.413500	5.805349
1.414000	5.747072
1.414500	5.701815
1.415000	5.670816
1.415500	5.649738
1.416000	5.647878
1.416500	5.660897
1.417000	5.690035
1.417500	5.735913
1.418000	5.797289
1.418500	5.876025
1.419000	5.964060
1.419500	6.063874
1.420000	6.172988
1.420500	6.282102
1.421000	6.400515
1.421500	6.520168
1.422000	6.634861
1.422500	6.743975
1.423000	6.843170
1.423500	6.933684
1.424000	7.006220
1.424500	7.064497
1.425000	7.106655
1.425500	7.129593
1.426000	7.137033
1.426500	7.123394
1.427000	7.093015
1.427500	7.045898
1.428000	6.985762
1.428500	6.908266
1.429000	6.822091
1.429500	6.728476
1.430000	6.627422
1.430500	6.524508
1.431000	6.417254
1.431500	6.311860
1.432000	6.210186
1.432500	6.114711
1.433000	6.027916
1.433500	5.948561
1.434000	5.878505
1.434500	5.821468
1.435000	5.774351
1.435500	5.739013
1.436000	5.716074
1.436500	5.706154
1.437000	5.708634
1.437500	5.726614
1.438000	5.758232
1.438500	5.805349
1.439000	5.861765
1.439500	5.936162
1.440000	6.017997
1.440500	6.107892
1.441000	6.206466
1.441500	6.309380
1.442000	6.412294
1.442500	6.518308
1.443000	6.626182
1.443500	6.719177
1.444000	6.807832
1.444500	6.886567
1.445000	6.952283
1.445500	6.999401
1.446000	7.034739
1.446500	7.057057
1.447000	7.055818
1.447500	7.041558
1.448000	7.013660
1.448500	6.969642
1.449000	6.908266
1.449500	6.836970
1.450000	6.754515
1.450500	6.663380
1.451000	6.564806
1.451500	6.463131
1.452000	6.358357
1.452500	6.254823
1.453000	6.151909
1.453500	6.052715
1.454000	5.962820
1.454500	5.888424
1.455000	5.824568
1.455500	5.771251
1.456000	5.731573
1.456500	5.709254
1.457000	5.695615
1.457500	5.697475
1.458000	5.710494
1.458500	5.737772
1.459000	5.781170
1.459500	5.833867
1.460000	5.896483
1.460500	5.972119
1.461000	6.053955
1.461500	6.147569
1.462000	6.238704
1.462500	6.340998
1.463000	6.444532
1.463500	6.544967
1.464000	6.644161
1.464500	6.741496
1.465000	6.829530
1.465500	6.906406
1.466000	6.973982
1.466500	7.026679
1.467000	7.066357
1.467500	7.091156
1.468000	7.100455
1.468500	7.091775
1.469000	7.066357
1.469500	7.027919
1.470000	6.973362
1.470500	6.902686
1.471000	6.824571
1.471500	6.737776
1.472000	6.642301
1.472500	6.543726
1.473000	6.437713
1.473500	6.336658
1.474000	6.236224
1.474500	6.139510
1.475000	6.050235
1.475500	5.973359
1.476000	5.907643
1.476500	5.856186
1.477000	5.814028
1.477500	5.786750
1.478000	5.774351
1.478500	5.770011
1.479000	5.779930
1.479500	5.802249
1.480000	5.837587
1.480500	5.883464
1.481000	5.942981
1.481500	6.008697
1.482000	6.083713
1.482500	6.163688
1.483000	6.250484
1.483500	6.338519
1.484000	6.429653
1.484500	6.517688
1.485000	6.604483
1.485500	6.686938
1.486000	6.760715
1.486500	6.830770
1.487000	6.884707
1.487500	6.929965
1.488000	6.961583
1.488500	6.982662
1.489000	6.984521
1.489500	6.975222
1.490000	6.951044
1.490500	6.911366
1.491000	6.856189
1.491500	6.791713
1.492000	6.715457
1.492500	6.632381
1.493000	6.543107
1.493500	6.440193
1.494000	6.341618
1.494500	6.241184
1.495000	6.144469
1.495500	6.046515
1.496000	5.956620
1.496500	5.879125
1.497000	5.812788
1.497500	5.758852
1.498000	5.719794
1.498500	5.695615
1.499000	5.682596
1.499500	5.683836
1.500000	5.699955
1.500500	5.727233
1.501000	5.766291
1.501500	5.814648
1.502000	5.877885
1.502500	5.946081
1.503000	6.024817
1.503500	6.104792
1.504000	6.196547
1.504500	6.290781
1.505000	6.390595
1.505500	6.486070
1.506000	6.579685
1.506500	6.672679
1.507000	6.758235
1.507500	6.836350
1.508000	6.902066
1.508500	6.960963
1.509000	7.011800
1.509500	7.045278
1.510000	7.063257
1.510500	7.069457
1.511000	7.060777
1.511500	7.037219
1.512000	6.995681
1.512500	6.944224
1.513000	6.882227
1.513500	6.808452
1.514000	6.727856
1.514500	6.636721
1.515000	6.543726
1.515500	6.448252
1.516000	6.350298
1.516500	6.254823
1.517000	6.163068
1.517500	6.076893
1.518000	5.998778
1.518500	5.931821
1.519000	5.875405
1.519500	5.831388
1.520000	5.804729
1.520500	5.782410
1.521000	5.781170
1.521500	5.789850
1.522000	5.811548
1.522500	5.848126
1.523000	5.890904
1.523500	5.946081
1.524000	6.005598
1.524500	6.075033
1.525000	6.150049
1.525500	6.230024
1.526000	6.314340
1.526500	6.398655
1.527000	6.481730
1.527500	6.564806
1.528000	6.643541
1.528500	6.709877
1.529000	6.776834
1.529500	6.833250
1.530000	6.879128
1.530500	6.915706
1.531000	6.941744
1.531500	6.951663
1.532000	6.951044
1.532500	6.936784
1.533000	6.909506
1.533500	6.870448
1.534000	6.817751
1.534500	6.756995
1.535000	6.684459
1.535500	6.608203
1.536000	6.524508
1.536500	6.437713
1.537000	6.343478
1.537500	6.253583
1.538000	6.166788
1.538500	6.086193
1.539000	6.006217
1.539500	5.941741
1.540000	5.885324
1.540500	5.839447
1.541000	5.806589
1.541500	5.784270
1.542000	5.778070
1.542500	5.784890
1.543000	5.807209
1.543500	5.832627
1.544000	5.871685
1.544500	5.921282
1.545000	5.977079
1.545500	6.040936
1.546000	6.109751
1.546500	6.185387
1.547000	6.266603
1.547500	6.348438
1.548000	6.430893
1.548500	6.512728
1.549000	6.593324
1.549500	6.668340
1.550000	6.737155
1.550500	6.800392
1.551000	6.853709
1.551500	6.896487
1.552000	6.930584
1.552500	6.950423
1.553000	6.957863
1.553500	6.952903
1.554000	6.936784
1.554500	6.908886
1.555000	6.869828
1.555500	6.821471
1.556000	6.758854
1.556500	6.693138
1.557000	6.617503
1.557500	6.537527
1.558000	6.451972
1.558500	6.367657
1.559000	6.288301
1.559500	6.203366
1.560000	6.125871
1.560500	6.054574
1.561000	5.993818
1.561500	5.942361
1.562000	5.898344
1.562500	5.867965
1.563000	5.849986
1.563500	5.843167
1.564000	5.849366
1.564500	5.866106
1.565000	5.895244
1.565500	5.931201
1.566000	5.977079
1.566500	6.028536
1.567000	6.087433
1.567500	6.153769
1.568000	6.221965
1.568500	6.295121
1.569000	6.370137
1.569500	6.443913
1.570000	6.517688
1.570500	6.580925
1.571000	6.649741
1.571500	6.712357
1.572000	6.766914
1.572500	6.815271
1.573000	6.847509
1.573500	6.874788
1.574000	6.891527
1.574500	6.894007
1.575000	6.885947
1.575500	6.870448
1.576000	6.841310
1.576500	6.802252
1.577000	6.749555
1.577500	6.691278
1.578000	6.626802
1.578500	6.548067
1.579000	6.469951
1.579500	6.390595
1.580000	6.308140
1.580500	6.230024
1.581000	6.154389
1.581500	6.079993
1.582000	6.014897
1.582500	5.956000
1.583000	5.907643
1.583500	5.872925
1.584000	5.845646
1.584500	5.830147
1.585000	5.828288
1.585500	5.835107
1.586000	5.850606
1.586500	5.877264
1.587000	5.909503
1.587500	5.952281
1.588000	6.003118
1.588500	6.061394
1.589000	6.120911
1.589500	6.189107
1.590000	6.259783
1.590500	6.332319
1.591000	6.402375
1.591500	6.473670
1.592000	6.544347
1.592500	6.609443
1.593000	6.671439
1.593500	6.722897
1.594000	6.768154
1.594500	6.805352
1.595000	6.832010
1.595500	6.843790
1.596000	6.851849
1.596500	6.846270
1.597000	6.832630
1.597500	6.809072
1.598000	6.775593
1.598500	6.732816
1.599000	6.683839
1.599500	6.625562
1.600000	6.562945
1.600500	6.495989
1.601000	6.428413
1.601500	6.358977
1.602000	6.292641
1.602500	6.229404
1.603000	6.168028
1.603500	6.110372
1.604000	6.065114
1.604500	6.028536
1.605000	6.002498
1.605500	5.985758
1.606000	5.974599
1.606500	5.977079
1.607000	5.986379
1.607500	6.006217
1.608000	6.029776
1.608500	6.063874
1.609000	6.107892
1.609500	6.153149
1.610000	6.203366
1.610500	6.259163
1.611000	6.316820
1.611500	6.376336
1.612000	6.431513
1.612500	6.491030
1.613000	6.549306
1.613500	6.605103
1.614000	6.657180
1.614500	6.699958
1.615000	6.740875
1.615500	6.772494
1.616000	6.792333
1.616500	6.809072
1.617000	6.810931
1.617500	6.809072
1.618000	6.792953
1.618500	6.771873
1.619000	6.739016
1.619500	6.699338
1.620000	6.649741
1.620500	6.594564
1.621000	6.535667
1.621500	6.473670
1.622000	6.409814
1.622500	6.345958
1.623000	6.280862
1.623500	6.217625
1.624000	6.158109
1.624500	6.104172
1.625000	6.058294
1.625500	6.021097
1.626000	5.992578
1.626500	5.970259
1.627000	5.958480
1.627500	5.957860
1.628000	5.962820
1.628500	5.971499
1.629000	5.993198
1.629500	6.022956
1.630000	6.055815
1.630500	6.098592
1.631000	6.146329
1.631500	6.194067
1.632000	6.249864
1.632500	6.304420
1.633000	6.362077
1.633500	6.421594
1.634000	6.476770
1.634500	6.533187
1.635000	6.583405
1.635500	6.630522
1.636000	6.673299
1.636500	6.709877
1.637000	6.732816
1.637500	6.752655
1.638000	6.764434
1.638500	6.767534
1.639000	6.760715
1.639500	6.748935
1.640000	6.727856
1.640500	6.695618
1.641000	6.660280
1.641500	6.613783
1.642000	6.563566
1.642500	6.508389
1.643000	6.453212
1.643500	6.391215
1.644000	6.329839
1.644500	6.269702
1.645000	6.210186
1.645500	6.155629
1.646000	6.107272
1.646500	6.064494
1.647000	6.031016
1.647500	6.004977
1.648000	5.990098
1.648500	5.981419
1.649000	5.980799
1.649500	5.989478
1.650000	6.004977
1.650500	6.028536
1.651000	6.058294
1.651500	6.093012
1.652000	6.130830
1.652500	6.176088
1.653000	6.225065
1.653500	6.268462
1.654000	6.321779
1.654500	6.373236
1.655000	6.427173
1.655500	6.481730
1.656000	6.526368
1.656500	6.577205
1.657000	6.616262
1.657500	6.652220
1.658000	6.681359
1.658500	6.702437
1.659000	6.722277
1.659500	6.725996
1.660000	6.722277
1.660500	6.713597
1.661000	6.698098
1.661500	6.670819
1.662000	6.633622
1.662500	6.595804
1.663000	6.549926
1.663500	6.502809
1.664000	6.453212
1.664500	6.398655
1.665000	6.347818
1.665500	6.293261
1.666000	6.244284
1.666500	6.194686
1.667000	6.155009
1.667500	6.115331
1.668000	6.087433
1.668500	6.066354
1.669000	6.053955
1.669500	6.045895
1.670000	6.049615
1.670500	6.052715
1.671000	6.067594
1.671500	6.089912
1.672000	6.119051
1.672500	6.153149
1.673000	6.187867
1.673500	6.230645
1.674000	6.272802
1.674500	6.316820
1.675000	6.367657
1.675500	6.416634
1.676000	6.465611
1.676500	6.512108
1.677000	6.556126
1.677500	6.595804
1.678000	6.633002
1.678500	6.658420
1.679000	6.683839
1.679500	6.702437
1.680000	6.714217
1.680500	6.715457
1.681000	6.711737
1.681500	6.697478
1.682000	6.680739
1.682500	6.653461
1.683000	6.622462
1.683500	6.584024
1.684000	6.543107
1.684500	6.496609
1.685000	6.447012
1.685500	6.398035
1.686000	6.345338
1.686500	6.297601
1.687000	6.245523
1.687500	6.200886
1.688000	6.162448
1.688500	6.127110
1.689000	6.097352
1.689500	6.081233
1.690000	6.068834
1.690500	6.063254
1.691000	6.063874
1.691500	6.072554
1.692000	6.091153
1.692500	6.112851
1.693000	6.140749
1.693500	6.173608
1.694000	6.210806
1.694500	6.248003
1.695000	6.290161
1.695500	6.331079
1.696000	6.376336
1.696500	6.422214
1.697000	6.467471
1.697500	6.511488
1.698000	6.553646
1.698500	6.594564
1.699000	6.628662
1.699500	6.657180
1.700000	6.682599
1.700500	6.698718
1.701000	6.710497
1.701500	6.711737
1.702000	6.709877
1.702500	6.698718
1.703000	6.679499
1.703500	6.649741
1.704000	6.618123
1.704500	6.582785
1.705000	6.543107
1.705500	6.499709
1.706000	6.447632
1.706500	6.399895
1.707000	6.346578
1.707500	6.296981
1.708000	6.247384
1.708500	6.199026
1.709000	6.159348
1.709500	6.120291
1.710000	6.086193
1.710500	6.062634
1.711000	6.044655
1.711500	6.034116
1.712000	6.026676
1.712500	6.028536
1.713000	6.037836
1.713500	6.053335
1.714000	6.076273
1.714500	6.100452
1.715000	6.135170
1.715500	6.168028
1.716000	6.210186
1.716500	6.249864
1.717000	6.291401
1.717500	6.335419
1.718000	6.379436
1.718500	6.424074
1.719000	6.464371
1.719500	6.503429
1.720000	6.538767
1.720500	6.568525
1.721000	6.598284
1.721500	6.618742
1.722000	6.636721
1.722500	6.646641
1.723000	6.649121
1.723500	6.646641
1.724000	6.636101
1.724500	6.618123
1.725000	6.595804
1.725500	6.569765
1.726000	6.536907
1.726500	6.500329
1.727000	6.461271
1.727500	6.418494
1.728000	6.376336
1.728500	6.328599
1.729000	6.288921
1.729500	6.247384
1.730000	6.208326
1.730500	6.176088
1.731000	6.151289
1.731500	6.130210
1.732000	6.119051
1.732500	6.111611
1.733000	6.109751
1.733500	6.115951
1.734000	6.128350
1.734500	6.146949
1.735000	6.169888
1.735500	6.198406
1.736000	6.229404
1.736500	6.264742
1.737000	6.296361
1.737500	6.336658
1.738000	6.376336
1.738500	6.417254
1.739000	6.456312
1.739500	6.501569
1.740000	6.539387
1.740500	6.575345
1.741000	6.607583
1.741500	6.634242
1.742000	6.658420
1.742500	6.673919
1.743000	6.688798
1.743500	6.691898
1.744000	6.685699
1.744500	6.675779
1.745000	6.657180
1.745500	6.631762
1.746000	6.602004
1.746500	6.567286
1.747000	6.528227
1.747500	6.484210
1.748000	6.440813
1.748500	6.393695
1.749000	6.346578
1.749500	6.298221
1.750000	6.252963
1.750500	6.208326
1.751000	6.168648
1.751500	6.133930
1.752000	6.107892
1.752500	6.084953
1.753000	6.070693
1.753500	6.058914
1.754000	6.057055
1.754500	6.064494
1.755000	6.075654
1.755500	6.094872
1.756000	6.114711
1.756500	6.142610
1.757000	6.176088
1.757500	6.210806
1.758000	6.247384
1.758500	6.287061
1.759000	6.332939
1.759500	6.374476
1.760000	6.415394
1.760500	6.458171
1.761000	6.500949
1.761500	6.534427
1.762000	6.567905
1.762500	6.595184
1.763000	6.619982
1.763500	6.639201
1.764000	6.652220
1.764500	6.656560
1.765000	6.657800
1.765500	6.650980
1.766000	6.637341
1.766500	6.619362
1.767000	6.595184
1.767500	6.564186
1.768000	6.530707
1.768500	6.493510
1.769000	6.451972
1.769500	6.411674
1.770000	6.365177
1.770500	6.320539
1.771000	6.279002
1.771500	6.242424
1.772000	6.208326
1.772500	6.179187
1.773000	6.152529
1.773500	6.134550
1.774000	6.121531
1.774500	6.114711
1.775000	6.110991
1.775500	6.118431
1.776000	6.129591
1.776500	6.144469
1.777000	6.164309
1.777500	6.189107
1.778000	6.215765
1.778500	6.241804
1.779000	6.276522
1.779500	6.309380
1.780000	6.347198
1.780500	6.383156
1.781000	6.422833
1.781500	6.460651
1.782000	6.496609
1.782500	6.529468
1.783000	6.560466
1.783500	6.585884
1.784000	6.606343
1.784500	6.623082
1.785000	6.634242
1.785500	6.637961
1.786000	6.639201
1.786500	6.631762
1.787000	6.616262
1.787500	6.597044
1.788000	6.572245
1.788500	6.548067
1.789000	6.515828
1.789500	6.482970
1.790000	6.445772
1.790500	6.409194
1.791000	6.370757
1.791500	6.330459
1.792000	6.293881
1.792500	6.257303
1.793000	6.224445
1.793500	6.196547
1.794000	6.172368
1.794500	6.152529
1.795000	6.137030
1.795500	6.125250
1.796000	6.121531
1.796500	6.124630
1.797000	6.132070
1.797500	6.146329
1.798000	6.163068
1.798500	6.189107
1.799000	6.214525
1.799500	6.243044
1.800000	6.274662
1.800500	6.309380
1.801000	6.345338
1.801500	6.382536
1.802000	6.418494
1.802500	6.455072
1.803000	6.489790
1.803500	6.517688
1.804000	6.548687
1.804500	6.572865
1.805000	6.598284
1.805500	6.616262
1.806000	6.623702
1.806500	6.631762
1.807000	6.631762
1.807500	6.627422
1.808000	6.615643
1.808500	6.597044
1.809000	6.580305
1.809500	6.553026
1.810000	6.520168
1.810500	6.489170
1.811000	6.453832
1.811500	6.418494
1.812000	6.376336
1.812500	6.336658
1.813000	6.300701
1.813500	6.262883
1.814000	6.231884
1.814500	6.199646
1.815000	6.177948
1.815500	6.158109
1.816000	6.143229
1.816500	6.135790
1.817000	6.131450
1.817500	6.132690
1.818000	6.138890
1.818500	6.150669
1.819000	6.164928
1.819500	6.184767
1.820000	6.205846
1.820500	6.231884
1.821000	6.262263
1.821500	6.296361
1.822000	6.329839
1.822500	6.368277
1.823000	6.404855
1.823500	6.442052
1.824000	6.475531
1.824500	6.507769
1.825000	6.535047
1.825500	6.561086
1.826000	6.579685
1.826500	6.595184
1.827000	6.603863
1.827500	6.606963
1.828000	6.606963
1.828500	6.597044
1.829000	6.582785
1.829500	6.565425
1.830000	6.544347
1.830500	6.518308
1.831000	6.491030
1.831500	6.458792
1.832000	6.425933
1.832500	6.391215
1.833000	6.356497
1.833500	6.321779
1.834000	6.286441
1.834500	6.257303
1.835000	6.228785
1.835500	6.203986
1.836000	6.184147
1.836500	6.166788
1.837000	6.152529
1.837500	6.145090
1.838000	6.144469
1.838500	6.146329
1.839000	6.148809
1.839500	6.164309
1.840000	6.179187
1.840500	6.196547
1.841000	6.218245
1.841500	6.241184
1.842000	6.270322
1.842500	6.301321
1.843000	6.332939
1.843500	6.362077
1.844000	6.393075
1.844500	6.428413
1.845000	6.454452
1.845500	6.481110
1.846000	6.506529
1.846500	6.526988
1.847000	6.544347
1.847500	6.557366
1.848000	6.566045
1.848500	6.569765
1.849000	6.571005
1.849500	6.568525
1.850000	6.558606
1.850500	6.546206
1.851000	6.528848
1.851500	6.510869
1.852000	6.489170
1.852500	6.466231
1.853000	6.439573
1.853500	6.412294
1.854000	6.385016
1.854500	6.360837
1.855000	6.338519
1.855500	6.319920
1.856000	6.296981
1.856500	6.282102
1.857000	6.269702
1.857500	6.257923
1.858000	6.250484
1.858500	6.248003
1.859000	6.248003
1.859500	6.255443
1.860000	6.257923
1.860500	6.266603
1.861000	6.282102
1.861500	6.296361
1.862000	6.308760
1.862500	6.329219
1.863000	6.349678
1.863500	6.371377
1.864000	6.393695
1.864500	6.414774
1.865000	6.437093
1.865500	6.457551
1.866000	6.476770
1.866500	6.492889
1.867000	6.506529
1.867500	6.516448
1.868000	6.523888
1.868500	6.530087
1.869000	6.533807
1.869500	6.529468
1.870000	6.520788
1.870500	6.509629
1.871000	6.497849
1.871500	6.482970
1.872000	6.467471
1.872500	6.447632
1.873000	6.424694
1.873500	6.403615
1.874000	6.379436
1.874500	6.355258
1.875000	6.332319
1.875500	6.313100
1.876000	6.292641
1.876500	6.272182
1.877000	6.252343
1.877500	6.236844
1.878000	6.225065
1.878500	6.208946
1.879000	6.200886
1.879500	6.198406
1.880000	6.194686
1.880500	6.196547
1.881000	6.201506
1.881500	6.208946
1.882000	6.220725
1.882500	6.234984
1.883000	6.249243
1.883500	6.268462
1.884000	6.285821
1.884500	6.305040
1.885000	6.325499
1.885500	6.346578
1.886000	6.368896
1.886500	6.388115
1.887000	6.401755
1.887500	6.420354
1.888000	6.435853
1.888500	6.450112
1.889000	6.458171
1.889500	6.473051
1.890000	6.478011
1.890500	6.483590
1.891000	6.481730
1.891500	6.479250
1.892000	6.475531
1.892500	6.469951
1.893000	6.461891
1.893500	6.448872
1.894000	6.437713
1.894500	6.422214
1.895000	6.404855
1.895500	6.388115
1.896000	6.372616
1.896500	6.356497
1.897000	6.340998
1.897500	6.326739
1.898000	6.312480
1.898500	6.303801
1.899000	6.292641
1.899500	6.285202
1.900000	6.280241
1.900500	6.277142
1.901000	6.277142
1.901500	6.281482
1.902000	6.284582
1.902500	6.290781
1.903000	6.300081
1.903500	6.309380
1.904000	6.321159
1.904500	6.334178
1.905000	6.352777
1.905500	6.371996
1.906000	6.385016
1.906500	6.404234
1.907000	6.420354
1.907500	6.437093
1.908000	6.448252
1.908500	6.462512
1.909000	6.477390
1.909500	6.487310
1.910000	6.492270
1.910500	6.498469
1.911000	6.499089
1.911500	6.498469
1.912000	6.492889
1.912500	6.486690
1.913000	6.480490
1.913500	6.469951
1.914000	6.457551
1.914500	6.444532
1.915000	6.429653
1.915500	6.412914
1.916000	6.397415
1.916500	6.380676
1.917000	6.365177
1.917500	6.349678
1.918000	6.332939
1.918500	6.319300
1.919000	6.306900
1.919500	6.296361
1.920000	6.282722
1.920500	6.274042
1.921000	6.269083
1.921500	6.266603
1.922000	6.268462
1.922500	6.271562
1.923000	6.275902
1.923500	6.282102
1.924000	6.290781
1.924500	6.300701
1.925000	6.313720
1.925500	6.329839
1.926000	6.342858
1.926500	6.355877
1.927000	6.372616
1.927500	6.386876
1.928000	6.400515
1.928500	6.409814
1.929000	6.420974
1.929500	6.430893
1.930000	6.438952
1.930500	6.447632
1.931000	6.451972
1.931500	6.456932
1.932000	6.458171
1.932500	6.458171
1.933000	6.454452
1.933500	6.450112
1.934000	6.444532
1.934500	6.438333
1.935000	6.427794
1.935500	6.417254
1.936000	6.406095
1.936500	6.393075
1.937000	6.375716
1.937500	6.362697
1.938000	6.350918
1.938500	6.339139
1.939000	6.326119
1.939500	6.318679
1.940000	6.314340
1.940500	6.305660
1.941000	6.297601
1.941500	6.295741
1.942000	6.295121
1.942500	6.296361
1.943000	6.298221
1.943500	6.303801
1.944000	6.308760
1.944500	6.318059
1.945000	6.322399
1.945500	6.332319
1.946000	6.342858
1.946500	6.352777
1.947000	6.365177
1.947500	6.380056
1.948000	6.394315
1.948500	6.408575
1.949000	6.419734
1.949500	6.430893
1.950000	6.443913
1.950500	6.453212
1.951000	6.461891
1.951500	6.468091
1.952000	6.476151
1.952500	6.479870
1.953000	6.479870
1.953500	6.476151
1.954000	6.474911
1.954500	6.470571
1.955000	6.465611
1.955500	6.461891
1.956000	6.450112
1.956500	6.440813
1.957000	6.429653
1.957500	6.416014
1.958000	6.403615
1.958500	6.390595
1.959000	6.378196
1.959500	6.368277
1.960000	6.351538
1.960500	6.339758
1.961000	6.327359
1.961500	6.317440
1.962000	6.301321
1.962500	6.293881
1.963000	6.284582
1.963500	6.281482
1.964000	6.277762
1.964500	6.272802
1.965000	6.276522
1.965500	6.275902
1.966000	6.277142
1.966500	6.283341
1.967000	6.288921
1.967500	6.295741
1.968000	6.302560
1.968500	6.310620
1.969000	6.321779
1.969500	6.330459
1.970000	6.336658
1.970500	6.347198
1.971000	6.358357
1.971500	6.369517
1.972000	6.378196
1.972500	6.387496
1.973000	6.395555
1.973500	6.404234
1.974000	6.406714
1.974500	6.409194
1.975000	6.413534
1.975500	6.419734
1.976000	6.419734
1.976500	6.417254
1.977000	6.415394
1.977500	6.409814
1.978000	6.407954
1.978500	6.395555
1.979000	6.389356
1.979500	6.382536
1.980000	6.373236
1.980500	6.367037
1.981000	6.359597
1.981500	6.351538
1.982000	6.346578
1.982500	6.340998
1.983000	6.336658
1.983500	6.332319
1.984000	6.330459
1.984500	6.325499
1.985000	6.329219
1.985500	6.330459
1.986000	6.334178
1.986500	6.338519
1.987000	6.337898
1.987500	6.347818
1.988000	6.356497
1.988500	6.363317
1.989000	6.371996
1.989500	6.385016
1.990000	6.396795
1.990500	6.407334
1.991000	6.418494
1.991500	6.430273
1.992000	6.439573
1.992500	6.451972
1.993000	6.459412
1.993500	6.468091
1.994000	6.473051
1.994500	6.479250
1.995000	6.478631
1.995500	6.479250
1.996000	6.478011
1.996500	6.477390
1.997000	6.473670
1.997500	6.468711
1.998000	6.462512
1.998500	6.454452
1.999000	6.445772
1.999500	6.435233
2.000000	6.421594
END DATA