012453876
012673854
012845736
012846753
012863475
012873645
013526874
013625847
013627854
013725486
013725648
013726584
013845276
013854726
013864752
013872654
014235876
014632875
014732685
014836752
014862753
015832746
016832754
023145687
023145768
023158764
023165847
023167854
023175486
023175648
023176584
023684175
023784615
024135786
024136875
026143875
028163754
034172685
034186752
034215786
034216875
034268175
034285176
034821765
035182746
036182754
041823765
042135876
042173685
042185736
042186753
043215876
048213765
052183746
062153874
063274185
073214685
081263754
081432765
081723654
081743625
082173654
082613754
082713645
083215746
083216754
083245176
083274615
083614275
083712654
084231765
084312765
120473865
120563874
120653847
120753486
120753648
120763584
120783465
120783546
120845736
120846753
123405687
123405768
123406857
123407865
123456087
123508764
123564870
123576084
123576840
123608574
123657084
123657840
123675048
123678540
123708465
123708546
123756480
123764580
123865047
123867054
124308765
124738065
128403765
128743065
130254876
130526874
130625847
130627854
130725486
130725648
130726584
130784652
130864275
130874625
134256870
134275086
134275860
134605827
134625087
134672085
134672850
134705286
134705628
134708652
134725068
134785260
134786052
134856072
135402876
135426870
135782046
135806724
135826074
135842076
135842760
136782054
136804725
136824075
136852074
136852740
138702654
138724650
140235876
140632875
140732685
140782653
140836752
140852736
142305876
142635870
142673085
142673850
142708653
142735680
142785036
142786053
142856073
142856730
145803726
145836720
150832746
152403876
152783046
152836740
152843076
152843760
153804726
160852743
162503874
162703584
162783540
162804735
162805743
162834075
163804275
163804752
164802753
172603854
173804625
180732654
182673054
182734650
182753064
182753640
230154786
230156874
230164758
230178654
230684175
230784615
234105867
234106758
234107685
234156780
234165087
234175680
234176085
234176850
234608175
234708615
234715086
234718650
234805176
234816075
235104876
235108746
235146870
235186740
236108754
236184750
240135786
240136875
240153876
243156870
243175086
243175860
243815076
246103875
248135760
248163075
248163750
248713065
253106874
260173854
263105847
263107854
263145087
263704185
263804715
263814750
268103754
270143685
273108654
273145680
273184065
273184650
273614085
280153746
280643175
280713654
280743615
281403765
281743065
283156074
283156740
283405176
283645170
283674015
283674150
283701654
283715046
283716054
283745610
314208765
324105876
340125876
340162875
340185726
340218765
342108765
342185760
364102875
380124765
384105726
384125760
384162075
384162750
384712065
413205876
413825076
420163875
423108765
423185760
462103875
480132765
482135760
482163075
482163750
482713065
610243875
612403875
612843075
613245870
613274085
613274850
613804725
613824750
620183754
630214875
682103754
710243685
712403685
712643085
712683054
712803654
713208654
713245680
713284065
713284650
713604825
713624850
713628054
730214685
783104625
783614025
810253746
810324765
810462753
810632754
810643275
810732645
810742653
812405736
812406753
812435076
812503746
812603475
812634750
812653074
812653740
812673045
812703564
812704653
812735640
812753046
812763540
813256074
813256740
813405276
813645270
813672054
813674250
813705426
813705642
813706524
813725460
813726540
813745062
813752064
813752640
814305726
814325760
814362075
814362750
814702635
814732650
814735026
820613754
820713645
821703654
823401765
823415760
830215746
830216754
830264175
830614275
830712654
831402765
834205716
834215076
834261075
834261750
834701625
834715620
834721065
840231765
840312765
841235760
841263075
841263750
841703625
841723065
861203754
863204175
