102453876
102673854
102845736
102846753
103526874
103625847
103627854
103725486
103725648
103726584
103854726
103864275
103864752
103874625
104235876
104632875
104732685
104836752
104862753
105832746
106832754
123045687
123045768
123058764
123065847
123067854
123075486
123075648
123076584
123456807
123470865
123560874
123576804
123650847
123657804
123678504
123750486
123750648
123760584
123780465
123780546
124038765
128043765
134072685
134086752
134250876
134275806
134625807
134672805
134725608
134780652
134785206
134856702
135082746
135420876
135826704
135842706
136082754
136824705
136852704
138720654
142035876
142073685
142085736
142086753
142630875
142673805
142730685
142780653
142850736
142856703
145830726
152083746
152830746
152843706
162053874
162783504
162834705
162850743
182073654
182730654
182753604
203156874
203178654
203684175
203784615
204135786
204136875
206143875
208163754
234015786
234016875
234068175
234085176
234150786
234160758
234165807
234170685
234176805
234718605
235140876
235180746
236180754
243015876
243150876
243175806
248013765
248130765
248163705
263074185
263145807
263170854
263814705
273014685
273140685
273184605
281043765
283015746
283016754
283045176
283074615
283150746
283156704
283640175
283674105
283710654
283740615
304125876
304162875
304185726
304218765
342180765
384012765
384120765
384162705
402163875
413025876
423180765
482013765
482130765
482163705
602183754
603214875
612043875
613240875
613274805
613824705
703214685
712043685
712083654
713028654
713240685
713284605
713624805
783014625
801263754
801432765
801723654
801743625
802613754
802713645
803215746
803216754
803264175
803614275
803712654
804231765
804312765
812053746
812063475
812073645
812435706
812460753
812630754
812653704
812730645
812740653
812763504
813045276
813072654
813250746
813256704
813640275
813674205
813725406
813726504
813745602
813752604
814035726
814320765
814362705
814732605
823410765
834021765
834215706
834261705
834710625
841023765
841230765
841263705
