National Instruments VirtualBench-Scope 2.1.1 Report
Date Created:	10/26/99	2:42:07 PM

USER NAME:	50gB
COMMENTS:	zoomed in 
START DATA
Time	Ch 0
0.000000	6.526988
0.000500	6.528227
0.001000	6.530707
0.001500	6.526988
0.002000	6.523888
0.002500	6.520168
0.003000	6.504669
0.003500	6.496609
0.004000	6.484830
0.004500	6.475531
0.005000	6.458171
0.005500	6.446392
0.006000	6.441432
0.006500	6.425933
0.007000	6.409814
0.007500	6.399895
0.008000	6.384396
0.008500	6.371377
0.009000	6.351538
0.009500	6.338519
0.010000	6.329219
0.010500	6.318059
0.011000	6.313100
0.011500	6.305660
0.012000	6.301940
0.012500	6.301321
0.013000	6.298221
0.013500	6.298221
0.014000	6.298841
0.014500	6.297601
0.015000	6.298221
0.015500	6.298841
0.016000	6.298841
0.016500	6.300081
0.017000	6.295741
0.017500	6.297601
0.018000	6.302560
0.018500	6.304420
0.019000	6.306280
0.019500	6.307520
0.020000	6.314960
0.020500	6.312480
0.021000	6.314340
0.021500	6.316200
0.022000	6.315580
0.022500	6.319920
0.023000	6.321159
0.023500	6.324879
0.024000	6.324259
0.024500	6.327359
0.025000	6.327359
0.025500	6.323019
0.026000	6.327359
0.026500	6.329219
0.027000	6.331699
0.027500	6.336039
0.028000	6.340378
0.028500	6.346578
0.029000	6.354018
0.029500	6.358357
0.030000	6.366417
0.030500	6.373857
0.031000	6.380676
0.031500	6.389356
0.032000	6.394935
0.032500	6.399895
0.033000	6.407954
0.033500	6.413534
0.034000	6.412914
0.034500	6.420354
0.035000	6.431513
0.035500	6.435853
0.036000	6.439573
0.036500	6.450112
0.037000	6.452592
0.037500	6.451972
0.038000	6.453212
0.038500	6.456312
0.039000	6.455692
0.039500	6.458792
0.040000	6.464371
0.040500	6.461891
0.041000	6.460032
0.041500	6.458171
0.042000	6.457551
0.042500	6.446392
0.043000	6.442672
0.043500	6.440193
0.044000	6.432133
0.044500	6.427173
0.045000	6.420974
0.045500	6.419114
0.046000	6.416014
0.046500	6.409194
0.047000	6.406714
0.047500	6.407334
0.048000	6.397415
0.048500	6.394315
0.049000	6.393695
0.049500	6.382536
0.050000	6.377576
0.050500	6.365797
0.051000	6.358977
0.051500	6.357737
0.052000	6.354638
0.052500	6.355877
0.053000	6.352777
0.053500	6.352158
0.054000	6.352158
0.054500	6.343478
0.055000	6.342238
0.055500	6.342238
0.056000	6.339758
0.056500	6.338519
0.057000	6.334799
0.057500	6.332939
0.058000	6.334178
0.058500	6.336039
0.059000	6.332939
0.059500	6.329219
0.060000	6.331079
0.060500	6.337278
0.061000	6.337278
0.061500	6.337278
0.062000	6.343478
0.062500	6.348438
0.063000	6.349058
0.063500	6.349678
0.064000	6.360217
0.064500	6.362077
0.065000	6.363317
0.065500	6.373236
0.066000	6.373857
0.066500	6.373857
0.067000	6.375716
0.067500	6.368896
0.068000	6.374476
0.068500	6.373857
0.069000	6.370137
0.069500	6.371996
0.070000	6.370137
0.070500	6.365177
0.071000	6.357117
0.071500	6.355877
0.072000	6.350298
0.072500	6.341618
0.073000	6.336658
0.073500	6.338519
0.074000	6.336658
0.074500	6.335419
0.075000	6.334178
0.075500	6.333559
0.076000	6.329839
0.076500	6.337898
0.077000	6.336658
0.077500	6.340998
0.078000	6.347818
0.078500	6.352158
0.079000	6.362697
0.079500	6.365797
0.080000	6.380056
0.080500	6.386256
0.081000	6.393695
0.081500	6.401755
0.082000	6.407334
0.082500	6.415394
0.083000	6.420974
0.083500	6.432753
0.084000	6.428413
0.084500	6.435233
0.085000	6.433993
0.085500	6.436473
0.086000	6.437093
0.086500	6.434613
0.087000	6.435233
0.087500	6.432133
0.088000	6.431513
0.088500	6.424074
0.089000	6.423453
0.089500	6.422214
0.090000	6.423453
0.090500	6.416014
0.091000	6.414774
0.091500	6.411054
0.092000	6.406095
0.092500	6.401755
0.093000	6.397415
0.093500	6.391835
0.094000	6.388735
0.094500	6.385636
0.095000	6.388735
0.095500	6.383156
0.096000	6.382536
0.096500	6.380676
0.097000	6.380676
0.097500	6.376336
0.098000	6.371996
0.098500	6.374476
0.099000	6.370137
0.099500	6.366417
0.100000	6.359597
0.100500	6.352777
0.101000	6.349058
0.101500	6.341618
0.102000	6.336658
0.102500	6.338519
0.103000	6.331699
0.103500	6.329839
0.104000	6.327979
0.104500	6.325499
0.105000	6.321779
0.105500	6.316820
0.106000	6.319300
0.106500	6.314960
0.107000	6.313100
0.107500	6.313100
0.108000	6.315580
0.108500	6.318059
0.109000	6.314960
0.109500	6.315580
0.110000	6.318059
0.110500	6.323019
0.111000	6.323019
0.111500	6.324879
0.112000	6.328599
0.112500	6.331699
0.113000	6.329839
0.113500	6.324259
0.114000	6.327359
0.114500	6.332939
0.115000	6.330459
0.115500	6.331079
0.116000	6.335419
0.116500	6.337278
0.117000	6.337898
0.117500	6.340378
0.118000	6.350298
0.118500	6.358977
0.119000	6.366417
0.119500	6.379436
0.120000	6.387496
0.120500	6.395555
0.121000	6.405475
0.121500	6.419114
0.122000	6.428413
0.122500	6.441432
0.123000	6.448252
0.123500	6.453212
0.124000	6.456932
0.124500	6.463751
0.125000	6.469331
0.125500	6.473670
0.126000	6.476151
0.126500	6.476770
0.127000	6.478631
0.127500	6.474911
0.128000	6.473670
0.128500	6.462512
0.129000	6.459412
0.129500	6.451972
0.130000	6.439573
0.130500	6.430273
0.131000	6.419734
0.131500	6.404855
0.132000	6.394315
0.132500	6.385016
0.133000	6.375096
0.133500	6.367037
0.134000	6.357737
0.134500	6.351538
0.135000	6.347198
0.135500	6.349678
0.136000	6.352158
0.136500	6.350918
0.137000	6.355258
0.137500	6.359597
0.138000	6.362697
0.138500	6.367657
0.139000	6.373857
0.139500	6.381916
0.140000	6.389356
0.140500	6.389356
0.141000	6.384396
0.141500	6.383776
0.142000	6.383156
0.142500	6.376336
0.143000	6.372616
0.143500	6.368277
0.144000	6.361457
0.144500	6.350298
0.145000	6.340998
0.145500	6.338519
0.146000	6.331699
0.146500	6.320539
0.147000	6.313100
0.147500	6.303801
0.148000	6.293881
0.148500	6.282102
0.149000	6.274662
0.149500	6.274042
0.150000	6.280862
0.150500	6.313720
0.151000	6.380676
0.151500	6.489790
0.152000	6.639821
0.152500	6.824571
0.153000	7.016760
0.153500	7.226928
0.154000	7.425936
0.154500	7.606966
0.155000	7.783036
0.155500	7.906409
0.156000	8.017383
0.156500	8.121536
0.157000	8.193453
0.157500	8.221971
0.158000	8.242430
0.158500	8.201512
0.159000	8.112857
0.159500	7.981425
0.160000	7.858052
0.160500	7.729719
0.161000	7.561089
0.161500	7.363940
0.162000	7.176711
0.162500	6.986382
0.163000	6.805352
0.163500	6.631142
0.164000	6.457551
0.164500	6.297601
0.165000	6.155009
0.165500	6.033496
0.166000	5.975219
0.166500	5.987618
0.167000	5.970259
0.167500	5.998778
0.168000	6.043415
0.168500	5.988238
0.169000	5.956000
0.169500	5.951040
0.170000	5.982659
0.170500	5.944841
0.171000	5.960960
0.171500	5.933681
0.172000	5.944841
0.172500	6.003737
0.173000	6.157489
0.173500	6.386876
0.174000	6.605723
0.174500	6.787373
0.175000	6.949183
0.175500	7.186630
0.176000	7.476773
0.176500	7.758857
0.177000	7.993204
0.177500	8.208952
0.178000	8.445778
0.178500	8.701203
0.179000	8.894632
0.179500	9.021106
0.180000	9.149438
0.180500	9.294510
0.181000	9.389364
0.181500	9.409204
0.182000	9.410443
0.182500	9.385645
0.183000	9.324888
0.183500	9.237473
0.184000	9.091782
0.184500	8.907652
0.185000	8.716083
0.185500	8.522654
0.186000	8.291407
0.186500	8.038462
0.187000	7.772497
0.187500	7.513351
0.188000	7.250486
0.188500	6.965922
0.189000	6.690038
0.189500	6.430893
0.190000	6.179187
0.190500	5.920662
0.191000	5.668957
0.191500	5.447009
0.192000	5.243661
0.192500	5.035973
0.193000	4.836344
0.193500	4.679493
0.194000	4.551780
0.194500	4.451966
0.195000	4.380050
0.195500	4.334793
0.196000	4.329213
0.196500	4.340992
0.197000	4.380050
0.197500	4.453826
0.198000	4.536281
0.198500	4.616257
0.199000	4.702432
0.199500	4.801626
0.200000	4.909500
0.200500	4.994435
0.201000	5.074410
0.201500	5.174225
0.202000	5.266600
0.202500	5.358354
0.203000	5.444530
0.203500	5.521405
0.204000	5.595801
0.204500	5.658417
0.205000	5.717314
0.205500	5.773111
0.206000	5.815268
0.206500	5.846266
0.207000	5.889044
0.207500	5.940501
0.208000	5.979559
0.208500	6.026056
0.209000	6.061394
0.209500	6.096112
0.210000	6.133310
0.210500	6.166788
0.211000	6.201506
0.211500	6.237464
0.212000	6.270322
0.212500	6.323639
0.213000	6.369517
0.213500	6.406714
0.214000	6.427794
0.214500	6.479250
0.215000	6.514588
0.215500	6.541247
0.216000	6.583405
0.216500	6.633622
0.217000	6.681359
0.217500	6.727856
0.218000	6.792333
0.218500	6.858049
0.219000	6.933064
0.219500	7.004360
0.220000	7.075037
0.220500	7.154392
0.221000	7.230028
0.221500	7.305663
0.222000	7.381299
0.222500	7.464994
0.223000	7.533190
0.223500	7.597046
0.224000	7.660903
0.224500	7.732819
0.225000	7.793575
0.225500	7.855572
0.226000	7.909509
0.226500	7.955386
0.227000	7.995684
0.227500	8.033502
0.228000	8.057060
0.228500	8.067599
0.229000	8.071939
0.229500	8.059540
0.230000	8.034122
0.230500	7.995064
0.231000	7.939267
0.231500	7.872311
0.232000	7.781796
0.232500	7.673302
0.233000	7.553029
0.233500	7.417877
0.234000	7.261646
0.234500	7.109134
0.235000	6.951044
0.235500	6.777453
0.236000	6.606343
0.236500	6.437713
0.237000	6.282722
0.237500	6.130210
0.238000	5.989478
0.238500	5.863626
0.239000	5.747072
0.239500	5.642918
0.240000	5.564803
0.240500	5.485447
0.241000	5.423450
0.241500	5.378813
0.242000	5.349675
0.242500	5.324256
0.243000	5.312477
0.243500	5.312477
0.244000	5.324256
0.244500	5.342855
0.245000	5.367654
0.245500	5.407951
0.246000	5.447629
0.246500	5.491647
0.247000	5.544343
0.247500	5.592701
0.248000	5.642918
0.248500	5.696855
0.249000	5.752032
0.249500	5.806589
0.250000	5.850606
0.250500	5.896483
0.251000	5.942361
0.251500	5.976459
0.252000	6.013657
0.252500	6.049615
0.253000	6.080613
0.253500	6.101692
0.254000	6.129591
0.254500	6.146949
0.255000	6.156249
0.255500	6.168648
0.256000	6.192207
0.256500	6.205226
0.257000	6.210806
0.257500	6.220105
0.258000	6.232504
0.258500	6.241804
0.259000	6.246764
0.259500	6.256683
0.260000	6.270942
0.260500	6.279622
0.261000	6.289541
0.261500	6.303180
0.262000	6.311860
0.262500	6.327979
0.263000	6.345338
0.263500	6.363937
0.264000	6.377576
0.264500	6.394935
0.265000	6.415394
0.265500	6.440193
0.266000	6.458792
0.266500	6.486070
0.267000	6.518308
0.267500	6.545587
0.268000	6.577825
0.268500	6.618742
0.269000	6.661520
0.269500	6.703058
0.270000	6.747695
0.270500	6.806592
0.271000	6.866108
0.271500	6.916945
0.272000	6.980182
0.272500	7.047138
0.273000	7.104175
0.273500	7.164311
0.274000	7.231887
0.274500	7.295124
0.275000	7.347821
0.275500	7.396798
0.276000	7.445775
0.276500	7.481733
0.277000	7.510871
0.277500	7.541250
0.278000	7.566669
0.278500	7.572868
0.279000	7.570388
0.279500	7.564188
0.280000	7.551169
0.280500	7.523891
0.281000	7.484833
0.281500	7.445155
0.282000	7.393698
0.282500	7.319922
0.283000	7.248626
0.283500	7.173611
0.284000	7.091156
0.284500	7.001261
0.285000	6.913846
0.285500	6.830150
0.286000	6.737155
0.286500	6.643541
0.287000	6.557986
0.287500	6.476770
0.288000	6.391835
0.288500	6.313100
0.289000	6.247384
0.289500	6.183527
0.290000	6.120291
0.290500	6.065734
0.291000	6.017997
0.291500	5.973979
0.292000	5.934921
0.292500	5.898344
0.293000	5.874165
0.293500	5.848126
0.294000	5.823328
0.294500	5.805969
0.295000	5.795429
0.295500	5.786750
0.296000	5.779310
0.296500	5.778070
0.297000	5.780550
0.297500	5.779930
0.298000	5.781790
0.298500	5.789230
0.299000	5.802249
0.299500	5.809069
0.300000	5.819608
0.300500	5.829527
0.301000	5.845026
0.301500	5.853706
0.302000	5.864245
0.302500	5.876025
0.303000	5.889664
0.303500	5.900823
0.304000	5.913223
0.304500	5.929342
0.305000	5.941741
0.305500	5.951040
0.306000	5.965300
0.306500	5.980799
0.307000	5.997538
0.307500	6.013037
0.308000	6.034116
0.308500	6.060154
0.309000	6.078753
0.309500	6.101692
0.310000	6.133310
0.310500	6.165548
0.311000	6.202746
0.311500	6.240564
0.312000	6.283961
0.312500	6.329219
0.313000	6.372616
0.313500	6.413534
0.314000	6.456312
0.314500	6.501569
0.315000	6.546206
0.315500	6.594564
0.316000	6.647881
0.316500	6.703058
0.317000	6.751415
0.317500	6.795432
0.318000	6.848749
0.318500	6.901446
0.319000	6.947324
0.319500	6.994441
0.320000	7.042178
0.320500	7.088675
0.321000	7.126493
0.321500	7.161831
0.322000	7.192210
0.322500	7.221968
0.323000	7.246767
0.323500	7.265366
0.324000	7.276525
0.324500	7.290164
0.325000	7.292024
0.325500	7.282104
0.326000	7.274665
0.326500	7.266605
0.327000	7.247386
0.327500	7.223828
0.328000	7.195930
0.328500	7.166171
0.329000	7.130213
0.329500	7.083096
0.330000	7.033499
0.330500	6.987001
0.331000	6.929345
0.331500	6.877268
0.332000	6.818371
0.332500	6.768154
0.333000	6.719177
0.333500	6.660280
0.334000	6.603863
0.334500	6.556746
0.335000	6.508389
0.335500	6.459412
0.336000	6.418494
0.336500	6.371996
0.337000	6.336039
0.337500	6.297601
0.338000	6.259783
0.338500	6.224445
0.339000	6.195927
0.339500	6.174848
0.340000	6.150049
0.340500	6.133930
0.341000	6.124630
0.341500	6.115331
0.342000	6.107272
0.342500	6.093012
0.343000	6.092392
0.343500	6.089912
0.344000	6.091153
0.344500	6.090532
0.345000	6.102312
0.345500	6.111611
0.346000	6.119051
0.346500	6.125871
0.347000	6.137030
0.347500	6.150049
0.348000	6.161209
0.348500	6.164309
0.349000	6.168648
0.349500	6.173608
0.350000	6.172368
0.350500	6.161829
0.351000	6.157489
0.351500	6.152529
0.352000	6.145710
0.352500	6.135790
0.353000	6.132070
0.353500	6.133930
0.354000	6.130210
0.354500	6.125250
0.355000	6.120291
0.355500	6.126491
0.356000	6.136410
0.356500	6.135790
0.357000	6.146949
0.357500	6.162448
0.358000	6.178567
0.358500	6.196547
0.359000	6.214525
0.359500	6.241184
0.360000	6.272802
0.360500	6.305660
0.361000	6.335419
0.361500	6.371377
0.362000	6.409814
0.362500	6.441432
0.363000	6.473051
0.363500	6.511488
0.364000	6.549926
0.364500	6.583405
0.365000	6.618742
0.365500	6.659660
0.366000	6.702437
0.366500	6.737776
0.367000	6.769394
0.367500	6.801012
0.368000	6.835110
0.368500	6.856809
0.369000	6.877888
0.369500	6.896487
0.370000	6.911366
0.370500	6.922525
0.371000	6.922525
0.371500	6.916945
0.372000	6.913226
0.372500	6.910126
0.373000	6.893387
0.373500	6.877888
0.374000	6.862389
0.374500	6.853089
0.375000	6.838210
0.375500	6.823331
0.376000	6.813411
0.376500	6.807832
0.377000	6.802252
0.377500	6.791713
0.378000	6.778693
0.378500	6.769394
0.379000	6.758235
0.379500	6.744595
0.380000	6.724756
0.380500	6.700578
0.381000	6.679499
0.381500	6.649741
0.382000	6.619362
0.382500	6.587124
0.383000	6.570385
0.383500	6.548067
0.384000	6.523268
0.384500	6.494750
0.385000	6.479870
0.385500	6.468711
0.386000	6.445152
0.386500	6.429653
0.387000	6.420354
0.387500	6.411674
0.388000	6.401755
0.388500	6.380676
0.389000	6.367037
0.389500	6.363937
0.390000	6.347818
0.390500	6.323019
0.391000	6.310620
0.391500	6.312480
0.392000	6.310620
0.392500	6.303180
0.393000	6.309380
0.393500	6.320539
0.394000	6.322399
0.394500	6.325499
0.395000	6.323639
0.395500	6.329839
0.396000	6.336658
0.396500	6.339139
0.397000	6.336039
0.397500	6.330459
0.398000	6.327359
0.398500	6.317440
0.399000	6.304420
0.399500	6.294501
0.400000	6.290161
0.400500	6.278382
0.401000	6.266603
0.401500	6.255443
0.402000	6.243664
0.402500	6.240564
0.403000	6.227545
0.403500	6.213285
0.404000	6.203986
0.404500	6.197166
0.405000	6.189107
0.405500	6.179187
0.406000	6.177948
0.406500	6.176088
0.407000	6.179187
0.407500	6.176088
0.408000	6.177948
0.408500	6.187867
0.409000	6.200266
0.409500	6.213285
0.410000	6.228785
0.410500	6.251103
0.411000	6.279622
0.411500	6.306280
0.412000	6.332939
0.412500	6.366417
0.413000	6.400515
0.413500	6.437093
0.414000	6.469331
0.414500	6.500329
0.415000	6.536287
0.415500	6.574105
0.416000	6.606343
0.416500	6.634861
0.417000	6.662140
0.417500	6.683839
0.418000	6.709257
0.418500	6.730956
0.419000	6.748315
0.419500	6.766294
0.420000	6.787373
0.420500	6.802252
0.421000	6.807212
0.421500	6.815271
0.422000	6.826430
0.422500	6.835730
0.423000	6.836970
0.423500	6.837590
0.424000	6.838830
0.424500	6.841929
0.425000	6.836350
0.425500	6.826430
0.426000	6.817751
0.426500	6.811552
0.427000	6.804112
0.427500	6.792333
0.428000	6.783653
0.428500	6.774354
0.429000	6.765054
0.429500	6.750795
0.430000	6.733436
0.430500	6.714837
0.431000	6.699958
0.431500	6.685079
0.432000	6.667719
0.432500	6.646641
0.433000	6.630522
0.433500	6.614403
0.434000	6.588364
0.434500	6.567286
0.435000	6.543726
0.435500	6.526368
0.436000	6.507149
0.436500	6.482350
0.437000	6.463131
0.437500	6.446392
0.438000	6.430893
0.438500	6.409814
0.439000	6.392455
0.439500	6.375716
0.440000	6.365797
0.440500	6.346578
0.441000	6.327979
0.441500	6.316820
0.442000	6.304420
0.442500	6.290781
0.443000	6.280241
0.443500	6.267222
0.444000	6.260403
0.444500	6.256063
0.445000	6.252963
0.445500	6.251103
0.446000	6.248623
0.446500	6.251723
0.447000	6.252963
0.447500	6.254203
0.448000	6.258543
0.448500	6.259163
0.449000	6.261643
0.449500	6.265983
0.450000	6.270322
0.450500	6.274042
0.451000	6.277142
0.451500	6.284582
0.452000	6.290161
0.452500	6.296981
0.453000	6.300081
0.453500	6.311240
0.454000	6.318679
0.454500	6.322399
0.455000	6.332939
0.455500	6.337898
0.456000	6.357737
0.456500	6.364557
0.457000	6.375096
0.457500	6.388735
0.458000	6.399895
0.458500	6.414774
0.459000	6.423453
0.459500	6.435853
0.460000	6.450732
0.460500	6.464371
0.461000	6.479250
0.461500	6.494130
0.462000	6.506529
0.462500	6.516448
0.463000	6.531327
0.463500	6.547446
0.464000	6.555506
0.464500	6.564806
0.465000	6.575345
0.465500	6.585264
0.466000	6.597663
0.466500	6.603863
0.467000	6.606343
0.467500	6.611923
0.468000	6.617503
0.468500	6.621842
0.469000	6.627422
0.469500	6.629282
0.470000	6.634242
0.470500	6.635481
0.471000	6.638581
0.471500	6.637341
0.472000	6.639201
0.472500	6.643541
0.473000	6.646021
0.473500	6.646021
0.474000	6.644781
0.474500	6.646021
0.475000	6.650361
0.475500	6.646021
0.476000	6.646021
0.476500	6.645401
0.477000	6.649741
0.477500	6.650361
0.478000	6.646021
0.478500	6.644781
0.479000	6.642301
0.479500	6.640441
0.480000	6.636101
0.480500	6.632381
0.481000	6.624322
0.481500	6.618123
0.482000	6.614403
0.482500	6.604483
0.483000	6.598904
0.483500	6.583405
0.484000	6.572865
0.484500	6.561706
0.485000	6.551166
0.485500	6.536907
0.486000	6.520168
0.486500	6.509009
0.487000	6.496609
0.487500	6.480490
0.488000	6.462512
0.488500	6.447012
0.489000	6.432753
0.489500	6.421594
0.490000	6.414154
0.490500	6.393695
0.491000	6.384396
0.491500	6.375096
0.492000	6.367657
0.492500	6.355877
0.493000	6.344718
0.493500	6.340998
0.494000	6.339758
0.494500	6.336039
0.495000	6.332939
0.495500	6.331079
0.496000	6.331699
0.496500	6.333559
0.497000	6.332939
0.497500	6.332939
0.498000	6.331699
0.498500	6.332939
0.499000	6.336039
0.499500	6.338519
0.500000	6.336039
0.500500	6.333559
0.501000	6.335419
0.501500	6.334799
0.502000	6.340378
0.502500	6.339139
0.503000	6.341618
0.503500	6.346578
0.504000	6.347198
0.504500	6.350918
0.505000	6.354638
0.505500	6.357117
0.506000	6.367657
0.506500	6.369517
0.507000	6.372616
0.507500	6.379436
0.508000	6.381296
0.508500	6.389356
0.509000	6.388735
0.509500	6.396175
0.510000	6.402375
0.510500	6.409814
0.511000	6.422833
0.511500	6.433373
0.512000	6.442672
0.512500	6.453212
0.513000	6.461891
0.513500	6.475531
0.514000	6.485450
0.514500	6.494130
0.515000	6.504049
0.515500	6.513349
0.516000	6.522648
0.516500	6.531327
0.517000	6.540627
0.517500	6.546206
0.518000	6.554266
0.518500	6.561706
0.519000	6.568525
0.519500	6.575965
0.520000	6.580305
0.520500	6.587744
0.521000	6.594564
0.521500	6.601383
0.522000	6.606963
0.522500	6.613783
0.523000	6.620602
0.523500	6.626182
0.524000	6.630522
0.524500	6.634242
0.525000	6.641061
0.525500	6.639821
0.526000	6.643541
0.526500	6.645401
0.527000	6.645401
0.527500	6.647261
0.528000	6.649121
0.528500	6.647881
0.529000	6.648501
0.529500	6.644161
0.530000	6.641061
0.530500	6.635481
0.531000	6.631762
0.531500	6.621222
0.532000	6.612543
0.532500	6.603243
0.533000	6.592084
0.533500	6.580305
0.534000	6.564186
0.534500	6.548067
0.535000	6.535667
0.535500	6.522648
0.536000	6.506529
0.536500	6.493510
0.537000	6.479250
0.537500	6.463751
0.538000	6.450732
0.538500	6.432753
0.539000	6.421594
0.539500	6.409814
0.540000	6.401755
0.540500	6.387496
0.541000	6.377576
0.541500	6.368277
0.542000	6.361457
0.542500	6.350918
0.543000	6.344718
0.543500	6.340378
0.544000	6.336658
0.544500	6.336658
0.545000	6.335419
0.545500	6.337898
0.546000	6.338519
0.546500	6.338519
0.547000	6.342238
0.547500	6.346578
0.548000	6.349678
0.548500	6.354018
0.549000	6.359597
0.549500	6.362697
0.550000	6.368896
0.550500	6.371377
0.551000	6.376336
0.551500	6.384396
0.552000	6.392455
0.552500	6.398035
0.553000	6.402375
0.553500	6.412294
0.554000	6.419734
0.554500	6.422833
0.555000	6.429033
0.555500	6.435853
0.556000	6.445772
0.556500	6.451352
0.557000	6.456932
0.557500	6.461271
0.558000	6.469331
0.558500	6.474911
0.559000	6.477390
0.559500	6.482350
0.560000	6.487930
0.560500	6.494130
0.561000	6.499089
0.561500	6.504669
0.562000	6.513349
0.562500	6.515828
0.563000	6.523268
0.563500	6.529468
0.564000	6.533807
0.564500	6.539387
0.565000	6.543726
0.565500	6.549926
0.566000	6.555506
0.566500	6.558606
0.567000	6.564186
0.567500	6.566045
0.568000	6.568525
0.568500	6.577825
0.569000	6.582164
0.569500	6.587744
0.570000	6.589604
0.570500	6.593944
0.571000	6.601383
0.571500	6.604483
0.572000	6.608203
0.572500	6.613783
0.573000	6.616262
0.573500	6.619362
0.574000	6.620602
0.574500	6.623082
0.575000	6.621842
0.575500	6.614403
0.576000	6.615023
0.576500	6.611923
0.577000	6.603243
0.577500	6.600763
0.578000	6.595184
0.578500	6.588364
0.579000	6.582164
0.579500	6.573485
0.580000	6.562325
0.580500	6.553646
0.581000	6.543107
0.581500	6.533187
0.582000	6.522648
0.582500	6.511488
0.583000	6.499709
0.583500	6.489790
0.584000	6.476770
0.584500	6.467471
0.585000	6.456932
0.585500	6.447632
0.586000	6.438952
0.586500	6.433373
0.587000	6.428413
0.587500	6.423453
0.588000	6.418494
0.588500	6.414154
0.589000	6.411054
0.589500	6.407954
0.590000	6.409194
0.590500	6.408575
0.591000	6.406095
0.591500	6.407334
0.592000	6.409814
0.592500	6.405475
0.593000	6.405475
0.593500	6.409814
0.594000	6.407954
0.594500	6.411674
0.595000	6.414154
0.595500	6.418494
0.596000	6.418494
0.596500	6.420974
0.597000	6.422214
0.597500	6.421594
0.598000	6.422214
0.598500	6.425313
0.599000	6.424074
0.599500	6.424074
0.600000	6.422833
0.600500	6.417874
0.601000	6.414774
0.601500	6.414774
0.602000	6.412914
0.602500	6.410434
0.603000	6.407954
0.603500	6.409194
0.604000	6.407334
0.604500	6.403615
0.605000	6.400515
0.605500	6.399895
0.606000	6.403615
0.606500	6.400515
0.607000	6.399275
0.607500	6.402375
0.608000	6.400515
0.608500	6.401755
0.609000	6.403615
0.609500	6.403615
0.610000	6.406714
0.610500	6.411674
0.611000	6.416014
0.611500	6.420974
0.612000	6.426553
0.612500	6.432133
0.613000	6.441432
0.613500	6.446392
0.614000	6.453832
0.614500	6.463131
0.615000	6.469331
0.615500	6.478011
0.616000	6.486070
0.616500	6.495989
0.617000	6.504669
0.617500	6.505289
0.618000	6.515208
0.618500	6.522648
0.619000	6.531327
0.619500	6.539387
0.620000	6.544967
0.620500	6.552406
0.621000	6.559846
0.621500	6.564806
0.622000	6.569145
0.622500	6.575965
0.623000	6.582164
0.623500	6.584024
0.624000	6.587124
0.624500	6.588364
0.625000	6.590224
0.625500	6.585884
0.626000	6.584024
0.626500	6.584024
0.627000	6.582164
0.627500	6.578444
0.628000	6.576585
0.628500	6.572865
0.629000	6.568525
0.629500	6.564186
0.630000	6.559846
0.630500	6.553646
0.631000	6.546206
0.631500	6.542487
0.632000	6.537527
0.632500	6.532568
0.633000	6.525128
0.633500	6.518928
0.634000	6.510869
0.634500	6.504049
0.635000	6.499709
0.635500	6.495989
0.636000	6.489790
0.636500	6.485450
0.637000	6.482350
0.637500	6.480490
0.638000	6.475531
0.638500	6.471191
0.639000	6.469951
0.639500	6.469331
0.640000	6.468091
0.640500	6.465611
0.641000	6.462512
0.641500	6.462512
0.642000	6.461891
0.642500	6.454452
0.643000	6.454452
0.643500	6.454452
0.644000	6.455692
0.644500	6.455692
0.645000	6.453212
0.645500	6.455072
0.646000	6.454452
0.646500	6.455692
0.647000	6.455072
0.647500	6.456932
0.648000	6.458792
0.648500	6.456932
0.649000	6.456932
0.649500	6.458171
0.650000	6.460032
0.650500	6.453212
0.651000	6.454452
0.651500	6.455692
0.652000	6.456932
0.652500	6.460032
0.653000	6.459412
0.653500	6.463751
0.654000	6.464991
0.654500	6.466851
0.655000	6.467471
0.655500	6.470571
0.656000	6.477390
0.656500	6.477390
0.657000	6.481110
0.657500	6.484210
0.658000	6.485450
0.658500	6.489170
0.659000	6.487930
0.659500	6.491650
0.660000	6.494130
0.660500	6.495989
0.661000	6.497849
0.661500	6.501569
0.662000	6.504049
0.662500	6.506529
0.663000	6.509009
0.663500	6.511488
0.664000	6.512108
0.664500	6.513968
0.665000	6.515208
0.665500	6.516448
0.666000	6.516448
0.666500	6.516448
0.667000	6.516448
0.667500	6.512728
0.668000	6.513349
0.668500	6.513349
0.669000	6.512108
0.669500	6.511488
0.670000	6.510249
0.670500	6.509629
0.671000	6.508389
0.671500	6.505289
0.672000	6.502189
0.672500	6.499089
0.673000	6.499089
0.673500	6.495369
0.674000	6.491650
0.674500	6.490410
0.675000	6.485450
0.675500	6.479870
0.676000	6.473051
0.676500	6.470571
0.677000	6.465611
0.677500	6.461891
0.678000	6.460651
0.678500	6.458171
0.679000	6.456932
0.679500	6.454452
0.680000	6.453212
0.680500	6.452592
0.681000	6.450732
0.681500	6.452592
0.682000	6.453212
0.682500	6.454452
0.683000	6.456932
0.683500	6.458792
0.684000	6.458171
0.684500	6.460032
0.685000	6.464371
0.685500	6.467471
0.686000	6.471191
0.686500	6.476770
0.687000	6.480490
0.687500	6.484210
0.688000	6.487930
0.688500	6.490410
0.689000	6.494130
0.689500	6.499089
0.690000	6.500949
0.690500	6.502189
0.691000	6.503429
0.691500	6.503429
0.692000	6.502809
0.692500	6.497229
0.693000	6.494130
0.693500	6.491650
0.694000	6.487310
0.694500	6.483590
0.695000	6.479250
0.695500	6.476770
0.696000	6.469951
0.696500	6.463751
0.697000	6.456932
0.697500	6.449492
0.698000	6.444532
0.698500	6.437713
0.699000	6.430893
0.699500	6.425933
0.700000	6.420354
0.700500	6.408575
0.701000	6.402995
0.701500	6.399275
0.702000	6.397415
0.702500	6.393695
0.703000	6.389976
0.703500	6.391835
0.704000	6.391835
0.704500	6.388735
0.705000	6.389356
0.705500	6.389356
0.706000	6.396175
0.706500	6.398035
0.707000	6.401755
0.707500	6.405475
0.708000	6.412294
0.708500	6.417254
0.709000	6.416014
0.709500	6.422833
0.710000	6.429653
0.710500	6.435853
0.711000	6.443293
0.711500	6.451972
0.712000	6.461891
0.712500	6.467471
0.713000	6.476770
0.713500	6.483590
0.714000	6.489170
0.714500	6.499089
0.715000	6.507149
0.715500	6.515828
0.716000	6.525128
0.716500	6.531327
0.717000	6.540007
0.717500	6.543107
0.718000	6.551166
0.718500	6.559226
0.719000	6.565425
0.719500	6.575345
0.720000	6.580305
0.720500	6.585264
0.721000	6.593324
0.721500	6.598284
0.722000	6.602004
0.722500	6.608823
0.723000	6.612543
0.723500	6.615643
0.724000	6.618123
0.724500	6.620602
0.725000	6.621842
0.725500	6.619982
0.726000	6.618123
0.726500	6.615023
0.727000	6.614403
0.727500	6.610063
0.728000	6.608823
0.728500	6.603863
0.729000	6.600143
0.729500	6.595804
0.730000	6.590844
0.730500	6.583405
0.731000	6.575345
0.731500	6.571005
0.732000	6.562945
0.732500	6.557366
0.733000	6.548687
0.733500	6.540627
0.734000	6.530707
0.734500	6.522028
0.735000	6.512728
0.735500	6.507149
0.736000	6.499089
0.736500	6.491650
0.737000	6.488550
0.737500	6.478631
0.738000	6.474291
0.738500	6.466231
0.739000	6.460651
0.739500	6.455692
0.740000	6.453212
0.740500	6.444532
0.741000	6.439573
0.741500	6.433373
0.742000	6.430273
0.742500	6.419114
0.743000	6.414154
0.743500	6.409194
0.744000	6.405475
0.744500	6.399895
0.745000	6.397415
0.745500	6.394935
0.746000	6.392455
0.746500	6.388115
0.747000	6.388115
0.747500	6.384396
0.748000	6.380676
0.748500	6.380056
0.749000	6.380676
0.749500	6.381296
0.750000	6.380056
0.750500	6.378816
0.751000	6.378816
0.751500	6.380676
0.752000	6.383776
0.752500	6.385016
0.753000	6.389356
0.753500	6.396175
0.754000	6.400515
0.754500	6.403615
0.755000	6.407954
0.755500	6.412914
0.756000	6.422833
0.756500	6.427794
0.757000	6.430273
0.757500	6.437713
0.758000	6.443293
0.758500	6.450112
0.759000	6.451972
0.759500	6.455692
0.760000	6.461271
0.760500	6.464371
0.761000	6.469951
0.761500	6.476151
0.762000	6.479870
0.762500	6.486070
0.763000	6.489170
0.763500	6.494130
0.764000	6.497229
0.764500	6.499089
0.765000	6.501569
0.765500	6.505289
0.766000	6.507769
0.766500	6.510869
0.767000	6.512108
0.767500	6.508389
0.768000	6.510869
0.768500	6.513349
0.769000	6.513349
0.769500	6.516448
0.770000	6.518308
0.770500	6.519548
0.771000	6.523268
0.771500	6.523268
0.772000	6.523888
0.772500	6.526988
0.773000	6.528848
0.773500	6.531947
0.774000	6.533807
0.774500	6.536287
0.775000	6.539387
0.775500	6.536287
0.776000	6.537527
0.776500	6.538147
0.777000	6.538767
0.777500	6.541247
0.778000	6.544967
0.778500	6.545587
0.779000	6.546206
0.779500	6.548687
0.780000	6.548687
0.780500	6.550546
0.781000	6.549306
0.781500	6.550546
0.782000	6.549926
0.782500	6.548067
0.783000	6.546826
0.783500	6.544347
0.784000	6.538767
0.784500	6.536287
0.785000	6.533187
0.785500	6.528227
0.786000	6.525128
0.786500	6.518928
0.787000	6.513968
0.787500	6.511488
0.788000	6.502189
0.788500	6.495369
0.789000	6.489790
0.789500	6.482350
0.790000	6.477390
0.790500	6.466851
0.791000	6.459412
0.791500	6.450112
0.792000	6.440813
0.792500	6.425933
0.793000	6.417254
0.793500	6.409814
0.794000	6.399275
0.794500	6.391215
0.795000	6.383776
0.795500	6.377576
0.796000	6.367657
0.796500	6.361457
0.797000	6.355877
0.797500	6.349678
0.798000	6.347198
0.798500	6.344098
0.799000	6.341618
0.799500	6.341618
0.800000	6.341618
0.800500	6.336039
0.801000	6.339139
0.801500	6.342858
0.802000	6.347818
0.802500	6.353397
0.803000	6.359597
0.803500	6.368277
0.804000	6.376336
0.804500	6.383776
0.805000	6.392455
0.805500	6.401755
0.806000	6.416634
0.806500	6.425933
0.807000	6.437713
0.807500	6.451352
0.808000	6.460651
0.808500	6.472431
0.809000	6.481730
0.809500	6.492270
0.810000	6.504669
0.810500	6.515828
0.811000	6.526988
0.811500	6.540007
0.812000	6.550546
0.812500	6.559226
0.813000	6.572865
0.813500	6.579685
0.814000	6.588984
0.814500	6.598284
0.815000	6.605723
0.815500	6.613783
0.816000	6.621222
0.816500	6.627422
0.817000	6.631762
0.817500	6.634242
0.818000	6.638581
0.818500	6.641061
0.819000	6.644781
0.819500	6.647881
0.820000	6.651600
0.820500	6.652841
0.821000	6.652841
0.821500	6.651600
0.822000	6.650980
0.822500	6.650361
0.823000	6.650361
0.823500	6.644781
0.824000	6.641681
0.824500	6.636101
0.825000	6.630522
0.825500	6.619362
0.826000	6.611303
0.826500	6.605723
0.827000	6.593944
0.827500	6.583405
0.828000	6.575345
0.828500	6.563566
0.829000	6.553026
0.829500	6.541247
0.830000	6.529468
0.830500	6.517688
0.831000	6.504669
0.831500	6.490410
0.832000	6.479870
0.832500	6.466231
0.833000	6.454452
0.833500	6.442052
0.834000	6.424694
0.834500	6.417254
0.835000	6.404855
0.835500	6.396175
0.836000	6.386256
0.836500	6.378816
0.837000	6.370137
0.837500	6.365177
0.838000	6.358357
0.838500	6.354018
0.839000	6.347818
0.839500	6.350298
0.840000	6.345958
0.840500	6.341618
0.841000	6.339758
0.841500	6.340998
0.842000	6.339758
0.842500	6.337278
0.843000	6.337278
0.843500	6.339758
0.844000	6.341618
0.844500	6.344098
0.845000	6.350298
0.845500	6.353397
0.846000	6.357117
0.846500	6.362697
0.847000	6.367657
0.847500	6.373236
0.848000	6.378816
0.848500	6.385016
0.849000	6.392455
0.849500	6.399275
0.850000	6.406714
0.850500	6.408575
0.851000	6.417254
0.851500	6.425313
0.852000	6.435233
0.852500	6.443293
0.853000	6.448872
0.853500	6.460032
0.854000	6.468091
0.854500	6.475531
0.855000	6.482970
0.855500	6.491650
0.856000	6.501569
0.856500	6.507769
0.857000	6.513968
0.857500	6.519548
0.858000	6.526988
0.858500	6.533807
0.859000	6.536287
0.859500	6.538767
0.860000	6.544347
0.860500	6.546826
0.861000	6.551786
0.861500	6.552406
0.862000	6.557366
0.862500	6.559226
0.863000	6.561086
0.863500	6.562945
0.864000	6.562945
0.864500	6.564806
0.865000	6.565425
0.865500	6.565425
0.866000	6.567905
0.866500	6.566045
0.867000	6.566045
0.867500	6.563566
0.868000	6.562325
0.868500	6.560466
0.869000	6.561706
0.869500	6.562325
0.870000	6.562325
0.870500	6.562945
0.871000	6.562325
0.871500	6.561086
0.872000	6.561086
0.872500	6.560466
0.873000	6.561086
0.873500	6.558606
0.874000	6.557986
0.874500	6.553646
0.875000	6.553646
0.875500	6.547446
0.876000	6.544347
0.876500	6.539387
0.877000	6.534427
0.877500	6.526368
0.878000	6.524508
0.878500	6.517068
0.879000	6.513349
0.879500	6.504669
0.880000	6.498469
0.880500	6.491650
0.881000	6.483590
0.881500	6.476151
0.882000	6.467471
0.882500	6.461891
0.883000	6.451352
0.883500	6.445152
0.884000	6.432133
0.884500	6.422833
0.885000	6.417874
0.885500	6.411054
0.886000	6.401755
0.886500	6.398035
0.887000	6.391835
0.887500	6.386256
0.888000	6.378196
0.888500	6.373857
0.889000	6.370757
0.889500	6.365797
0.890000	6.368277
0.890500	6.361457
0.891000	6.358977
0.891500	6.357737
0.892000	6.359597
0.892500	6.353397
0.893000	6.354018
0.893500	6.355258
0.894000	6.355877
0.894500	6.357737
0.895000	6.362077
0.895500	6.366417
0.896000	6.371377
0.896500	6.375716
0.897000	6.380056
0.897500	6.386876
0.898000	6.394935
0.898500	6.402995
0.899000	6.409814
0.899500	6.417254
0.900000	6.427173
0.900500	6.432133
0.901000	6.440813
0.901500	6.452592
0.902000	6.461891
0.902500	6.472431
0.903000	6.482350
0.903500	6.497229
0.904000	6.507769
0.904500	6.517068
0.905000	6.526988
0.905500	6.540007
0.906000	6.553026
0.906500	6.561706
0.907000	6.570385
0.907500	6.579065
0.908000	6.588984
0.908500	6.596424
0.909000	6.598904
0.909500	6.606343
0.910000	6.610063
0.910500	6.615643
0.911000	6.619362
0.911500	6.623702
0.912000	6.626182
0.912500	6.628042
0.913000	6.628662
0.913500	6.628662
0.914000	6.629902
0.914500	6.627422
0.915000	6.624322
0.915500	6.623082
0.916000	6.617503
0.916500	6.615643
0.917000	6.612543
0.917500	6.601383
0.918000	6.597663
0.918500	6.592084
0.919000	6.587744
0.919500	6.579685
0.920000	6.573485
0.920500	6.567286
0.921000	6.557986
0.921500	6.546206
0.922000	6.539387
0.922500	6.532568
0.923000	6.525128
0.923500	6.515828
0.924000	6.504049
0.924500	6.494130
0.925000	6.484830
0.925500	6.469951
0.926000	6.460651
0.926500	6.450112
0.927000	6.439573
0.927500	6.429653
0.928000	6.420974
0.928500	6.411674
0.929000	6.404234
0.929500	6.397415
0.930000	6.391835
0.930500	6.385016
0.931000	6.377576
0.931500	6.372616
0.932000	6.368277
0.932500	6.366417
0.933000	6.362077
0.933500	6.362077
0.934000	6.357117
0.934500	6.356497
0.935000	6.356497
0.935500	6.357737
0.936000	6.360217
0.936500	6.363317
0.937000	6.369517
0.937500	6.375096
0.938000	6.377576
0.938500	6.383776
0.939000	6.389976
0.939500	6.396795
0.940000	6.404234
0.940500	6.412914
0.941000	6.417254
0.941500	6.425313
0.942000	6.432753
0.942500	6.436473
0.943000	6.443913
0.943500	6.449492
0.944000	6.456312
0.944500	6.463131
0.945000	6.471191
0.945500	6.477390
0.946000	6.485450
0.946500	6.490410
0.947000	6.497849
0.947500	6.502189
0.948000	6.507769
0.948500	6.512728
0.949000	6.518308
0.949500	6.523888
0.950000	6.526368
0.950500	6.525128
0.951000	6.529468
0.951500	6.533187
0.952000	6.537527
0.952500	6.543107
0.953000	6.543107
0.953500	6.549306
0.954000	6.549306
0.954500	6.551786
0.955000	6.551166
0.955500	6.552406
0.956000	6.560466
0.956500	6.553026
0.957000	6.553646
0.957500	6.554266
0.958000	6.551786
0.958500	6.552406
0.959000	6.544967
0.959500	6.543726
0.960000	6.540627
0.960500	6.538767
0.961000	6.534427
0.961500	6.534427
0.962000	6.530087
0.962500	6.528227
0.963000	6.524508
0.963500	6.522028
0.964000	6.520168
0.964500	6.517068
0.965000	6.514588
0.965500	6.513349
0.966000	6.509009
0.966500	6.507769
0.967000	6.505909
0.967500	6.501569
0.968000	6.499089
0.968500	6.499089
0.969000	6.497229
0.969500	6.495369
0.970000	6.493510
0.970500	6.494750
0.971000	6.494750
0.971500	6.492270
0.972000	6.491030
0.972500	6.491030
0.973000	6.489790
0.973500	6.486070
0.974000	6.484210
0.974500	6.485450
0.975000	6.481110
0.975500	6.476770
0.976000	6.470571
0.976500	6.467471
0.977000	6.463131
0.977500	6.457551
0.978000	6.456312
0.978500	6.453832
0.979000	6.450112
0.979500	6.443913
0.980000	6.442052
0.980500	6.436473
0.981000	6.431513
0.981500	6.428413
0.982000	6.425933
0.982500	6.422214
0.983000	6.418494
0.983500	6.417874
0.984000	6.410434
0.984500	6.407954
0.985000	6.406714
0.985500	6.405475
0.986000	6.403615
0.986500	6.405475
0.987000	6.409194
0.987500	6.411054
0.988000	6.411674
0.988500	6.414774
0.989000	6.416014
0.989500	6.420354
0.990000	6.424694
0.990500	6.427794
0.991000	6.431513
0.991500	6.435853
0.992000	6.443293
0.992500	6.442052
0.993000	6.446392
0.993500	6.450112
0.994000	6.454452
0.994500	6.460032
0.995000	6.463751
0.995500	6.469951
0.996000	6.474911
0.996500	6.481730
0.997000	6.485450
0.997500	6.489790
0.998000	6.494750
0.998500	6.497849
0.999000	6.500329
0.999500	6.505289
1.000000	6.510249
1.000500	6.509009
1.001000	6.512108
1.001500	6.516448
1.002000	6.522028
1.002500	6.524508
1.003000	6.528227
1.003500	6.533187
1.004000	6.536287
1.004500	6.536287
1.005000	6.541247
1.005500	6.543107
1.006000	6.548687
1.006500	6.549926
1.007000	6.551166
1.007500	6.551786
1.008000	6.553646
1.008500	6.555506
1.009000	6.550546
1.009500	6.549306
1.010000	6.548067
1.010500	6.546826
1.011000	6.548067
1.011500	6.544347
1.012000	6.543726
1.012500	6.541867
1.013000	6.538147
1.013500	6.534427
1.014000	6.530087
1.014500	6.527607
1.015000	6.523888
1.015500	6.519548
1.016000	6.513968
1.016500	6.510249
1.017000	6.505289
1.017500	6.497849
1.018000	6.491650
1.018500	6.485450
1.019000	6.483590
1.019500	6.479870
1.020000	6.473670
1.020500	6.469951
1.021000	6.463131
1.021500	6.459412
1.022000	6.456312
1.022500	6.454452
1.023000	6.449492
1.023500	6.448252
1.024000	6.445152
1.024500	6.441432
1.025000	6.440193
1.025500	6.434613
1.026000	6.433373
1.026500	6.431513
1.027000	6.431513
1.027500	6.428413
1.028000	6.430273
1.028500	6.432133
1.029000	6.432753
1.029500	6.433373
1.030000	6.432753
1.030500	6.435233
1.031000	6.437093
1.031500	6.440813
1.032000	6.443913
1.032500	6.447012
1.033000	6.450732
1.033500	6.454452
1.034000	6.453212
1.034500	6.456932
1.035000	6.461891
1.035500	6.466851
1.036000	6.471811
1.036500	6.474291
1.037000	6.480490
1.037500	6.486070
1.038000	6.487310
1.038500	6.491650
1.039000	6.496609
1.039500	6.497849
1.040000	6.504669
1.040500	6.504669
1.041000	6.505289
1.041500	6.509009
1.042000	6.510249
1.042500	6.505289
1.043000	6.507769
1.043500	6.506529
1.044000	6.507769
1.044500	6.507149
1.045000	6.505909
1.045500	6.508389
1.046000	6.504669
1.046500	6.505289
1.047000	6.506529
1.047500	6.503429
1.048000	6.502189
1.048500	6.499709
1.049000	6.498469
1.049500	6.497849
1.050000	6.495989
1.050500	6.489790
1.051000	6.486690
1.051500	6.486690
1.052000	6.485450
1.052500	6.487310
1.053000	6.482970
1.053500	6.486690
1.054000	6.483590
1.054500	6.482970
1.055000	6.482970
1.055500	6.479870
1.056000	6.486070
1.056500	6.482970
1.057000	6.484210
1.057500	6.484210
1.058000	6.482970
1.058500	6.484210
1.059000	6.480490
1.059500	6.481730
1.060000	6.478631
1.060500	6.481110
1.061000	6.481110
1.061500	6.480490
1.062000	6.483590
1.062500	6.482970
1.063000	6.481730
1.063500	6.482350
1.064000	6.481730
1.064500	6.481730
1.065000	6.482970
1.065500	6.482350
1.066000	6.484830
1.066500	6.483590
1.067000	6.485450
1.067500	6.480490
1.068000	6.481730
1.068500	6.480490
1.069000	6.483590
1.069500	6.482970
1.070000	6.483590
1.070500	6.485450
1.071000	6.484210
1.071500	6.485450
1.072000	6.486690
1.072500	6.487930
1.073000	6.487930
1.073500	6.486690
1.074000	6.487930
1.074500	6.486690
1.075000	6.487310
1.075500	6.483590
1.076000	6.482350
1.076500	6.481110
1.077000	6.476770
1.077500	6.476151
1.078000	6.476151
1.078500	6.474911
1.079000	6.472431
1.079500	6.471191
1.080000	6.468091
1.080500	6.467471
1.081000	6.463751
1.081500	6.462512
1.082000	6.462512
1.082500	6.461271
1.083000	6.460032
1.083500	6.459412
1.084000	6.453832
1.084500	6.453832
1.085000	6.453212
1.085500	6.453832
1.086000	6.457551
1.086500	6.455072
1.087000	6.457551
1.087500	6.459412
1.088000	6.459412
1.088500	6.460651
1.089000	6.463131
1.089500	6.467471
1.090000	6.469951
1.090500	6.470571
1.091000	6.474911
1.091500	6.476770
1.092000	6.478011
1.092500	6.476151
1.093000	6.479250
1.093500	6.481110
1.094000	6.481110
1.094500	6.484830
1.095000	6.487310
1.095500	6.489790
1.096000	6.493510
1.096500	6.494130
1.097000	6.497849
1.097500	6.498469
1.098000	6.500949
1.098500	6.504049
1.099000	6.505289
1.099500	6.507149
1.100000	6.507149
1.100500	6.506529
1.101000	6.505909
1.101500	6.509009
1.102000	6.510869
1.102500	6.512728
1.103000	6.512728
1.103500	6.518308
1.104000	6.518308
1.104500	6.518928
1.105000	6.518308
1.105500	6.517688
1.106000	6.524508
1.106500	6.522028
1.107000	6.523268
1.107500	6.523268
1.108000	6.524508
1.108500	6.523888
1.109000	6.517688
1.109500	6.518308
1.110000	6.516448
1.110500	6.513349
1.111000	6.513968
1.111500	6.511488
1.112000	6.510249
1.112500	6.508389
1.113000	6.505289
1.113500	6.504049
1.114000	6.501569
1.114500	6.499709
1.115000	6.495989
1.115500	6.492889
1.116000	6.492889
1.116500	6.489170
1.117000	6.488550
1.117500	6.481110
1.118000	6.480490
1.118500	6.479870
1.119000	6.479250
1.119500	6.480490
1.120000	6.478631
1.120500	6.480490
1.121000	6.479250
1.121500	6.478631
1.122000	6.478011
1.122500	6.481730
1.123000	6.485450
1.123500	6.484210
1.124000	6.483590
1.124500	6.486070
1.125000	6.486070
1.125500	6.483590
1.126000	6.484830
1.126500	6.486070
1.127000	6.485450
1.127500	6.484210
1.128000	6.486070
1.128500	6.482970
1.129000	6.485450
1.129500	6.486070
1.130000	6.484830
1.130500	6.483590
1.131000	6.482350
1.131500	6.481110
1.132000	6.480490
1.132500	6.478011
1.133000	6.475531
1.133500	6.474911
1.134000	6.466851
1.134500	6.464991
1.135000	6.464371
1.135500	6.463751
1.136000	6.460651
1.136500	6.459412
1.137000	6.456932
1.137500	6.456932
1.138000	6.454452
1.138500	6.451972
1.139000	6.451352
1.139500	6.449492
1.140000	6.448872
1.140500	6.445152
1.141000	6.442672
1.141500	6.442052
1.142000	6.441432
1.142500	6.435233
1.143000	6.434613
1.143500	6.433993
1.144000	6.430893
1.144500	6.431513
1.145000	6.430273
1.145500	6.430273
1.146000	6.433373
1.146500	6.433993
1.147000	6.433993
1.147500	6.433993
1.148000	6.435853
1.148500	6.438333
1.149000	6.440193
1.149500	6.440193
1.150000	6.442052
1.150500	6.442052
1.151000	6.446392
1.151500	6.448252
1.152000	6.451972
1.152500	6.458171
1.153000	6.461271
1.153500	6.466231
1.154000	6.471191
1.154500	6.475531
1.155000	6.478631
1.155500	6.482970
1.156000	6.492270
1.156500	6.495989
1.157000	6.498469
1.157500	6.503429
1.158000	6.509009
1.158500	6.513349
1.159000	6.513349
1.159500	6.516448
1.160000	6.518928
1.160500	6.522028
1.161000	6.525128
1.161500	6.531327
1.162000	6.533187
1.162500	6.536287
1.163000	6.538147
1.163500	6.541247
1.164000	6.543107
1.164500	6.544347
1.165000	6.546826
1.165500	6.547446
1.166000	6.546826
1.166500	6.548067
1.167000	6.548687
1.167500	6.542487
1.168000	6.542487
1.168500	6.540627
1.169000	6.539387
1.169500	6.536287
1.170000	6.533807
1.170500	6.535047
1.171000	6.530087
1.171500	6.526368
1.172000	6.522028
1.172500	6.519548
1.173000	6.514588
1.173500	6.512108
1.174000	6.505909
1.174500	6.501569
1.175000	6.497849
1.175500	6.486690
1.176000	6.482970
1.176500	6.476770
1.177000	6.468711
1.177500	6.462512
1.178000	6.457551
1.178500	6.452592
1.179000	6.448872
1.179500	6.442672
1.180000	6.438952
1.180500	6.430893
1.181000	6.428413
1.181500	6.423453
1.182000	6.420354
1.182500	6.419734
1.183000	6.415394
1.183500	6.412914
1.184000	6.406714
1.184500	6.404855
1.185000	6.405475
1.185500	6.405475
1.186000	6.406095
1.186500	6.406095
1.187000	6.409814
1.187500	6.410434
1.188000	6.412294
1.188500	6.416014
1.189000	6.419734
1.189500	6.423453
1.190000	6.432133
1.190500	6.435233
1.191000	6.436473
1.191500	6.443293
1.192000	6.447012
1.192500	6.449492
1.193000	6.453832
1.193500	6.459412
1.194000	6.463751
1.194500	6.468711
1.195000	6.475531
1.195500	6.483590
1.196000	6.488550
1.196500	6.495369
1.197000	6.501569
1.197500	6.507149
1.198000	6.512108
1.198500	6.517688
1.199000	6.523268
1.199500	6.529468
1.200000	6.535047
1.200500	6.537527
1.201000	6.540627
1.201500	6.546826
1.202000	6.551786
1.202500	6.557366
1.203000	6.559846
1.203500	6.563566
1.204000	6.571005
1.204500	6.572245
1.205000	6.574105
1.205500	6.575345
1.206000	6.580305
1.206500	6.580925
1.207000	6.580305
1.207500	6.582164
1.208000	6.581544
1.208500	6.580925
1.209000	6.575345
1.209500	6.571625
1.210000	6.568525
1.210500	6.567905
1.211000	6.563566
1.211500	6.561706
1.212000	6.558606
1.212500	6.554886
1.213000	6.551786
1.213500	6.546826
1.214000	6.543726
1.214500	6.538767
1.215000	6.534427
1.215500	6.529468
1.216000	6.525748
1.216500	6.523268
1.217000	6.518308
1.217500	6.509629
1.218000	6.503429
1.218500	6.498469
1.219000	6.494130
1.219500	6.489790
1.220000	6.484830
1.220500	6.480490
1.221000	6.476151
1.221500	6.469951
1.222000	6.463751
1.222500	6.460651
1.223000	6.455692
1.223500	6.451352
1.224000	6.446392
1.224500	6.440813
1.225000	6.435853
1.225500	6.427794
1.226000	6.420974
1.226500	6.414154
1.227000	6.410434
1.227500	6.406714
1.228000	6.401135
1.228500	6.396795
1.229000	6.394935
1.229500	6.392455
1.230000	6.388735
1.230500	6.384396
1.231000	6.382536
1.231500	6.380676
1.232000	6.380056
1.232500	6.377576
1.233000	6.375716
1.233500	6.375716
1.234000	6.370757
1.234500	6.372616
1.235000	6.373236
1.235500	6.376336
1.236000	6.380056
1.236500	6.381916
1.237000	6.387496
1.237500	6.389976
1.238000	6.391835
1.238500	6.398655
1.239000	6.401755
1.239500	6.408575
1.240000	6.414774
1.240500	6.418494
1.241000	6.425313
1.241500	6.432753
1.242000	6.437713
1.242500	6.438952
1.243000	6.444532
1.243500	6.450732
1.244000	6.456932
1.244500	6.461271
1.245000	6.469331
1.245500	6.474291
1.246000	6.479870
1.246500	6.488550
1.247000	6.493510
1.247500	6.499709
1.248000	6.504669
1.248500	6.512728
1.249000	6.518928
1.249500	6.523268
1.250000	6.529468
1.250500	6.530707
1.251000	6.533807
1.251500	6.541247
1.252000	6.548067
1.252500	6.552406
1.253000	6.557986
1.253500	6.564806
1.254000	6.569145
1.254500	6.574105
1.255000	6.574725
1.255500	6.576585
1.256000	6.586504
1.256500	6.587744
1.257000	6.586504
1.257500	6.590224
1.258000	6.591464
1.258500	6.592084
1.259000	6.587124
1.259500	6.585264
1.260000	6.585264
1.260500	6.582164
1.261000	6.578444
1.261500	6.579065
1.262000	6.574725
1.262500	6.569765
1.263000	6.566665
1.263500	6.561706
1.264000	6.556126
1.264500	6.551166
1.265000	6.544967
1.265500	6.538767
1.266000	6.533187
1.266500	6.524508
1.267000	6.518928
1.267500	6.507149
1.268000	6.502189
1.268500	6.494750
1.269000	6.489170
1.269500	6.482970
1.270000	6.476770
1.270500	6.471191
1.271000	6.466231
1.271500	6.457551
1.272000	6.451352
1.272500	6.448252
1.273000	6.441432
1.273500	6.438952
1.274000	6.432133
1.274500	6.429033
1.275000	6.425313
1.275500	6.416014
1.276000	6.411054
1.276500	6.411054
1.277000	6.405475
1.277500	6.401755
1.278000	6.401135
1.278500	6.399275
1.279000	6.401135
1.279500	6.398035
1.280000	6.399895
1.280500	6.399275
1.281000	6.398655
1.281500	6.399895
1.282000	6.402995
1.282500	6.402995
1.283000	6.406714
1.283500	6.410434
1.284000	6.407334
1.284500	6.413534
1.285000	6.416634
1.285500	6.424694
1.286000	6.427173
1.286500	6.434613
1.287000	6.439573
1.287500	6.445772
1.288000	6.451972
1.288500	6.456932
1.289000	6.463751
1.289500	6.471191
1.290000	6.479250
1.290500	6.481730
1.291000	6.487930
1.291500	6.496609
1.292000	6.502809
1.292500	6.500949
1.293000	6.507769
1.293500	6.513349
1.294000	6.515828
1.294500	6.520788
1.295000	6.526988
1.295500	6.533187
1.296000	6.536287
1.296500	6.538767
1.297000	6.541247
1.297500	6.544967
1.298000	6.549306
1.298500	6.549926
1.299000	6.552406
1.299500	6.553646
1.300000	6.554886
1.300500	6.549926
1.301000	6.551786
1.301500	6.550546
1.302000	6.551166
1.302500	6.552406
1.303000	6.550546
1.303500	6.553646
1.304000	6.551166
1.304500	6.548067
1.305000	6.547446
1.305500	6.541867
1.306000	6.544347
1.306500	6.540627
1.307000	6.535667
1.307500	6.533807
1.308000	6.528848
1.308500	6.524508
1.309000	6.516448
1.309500	6.509629
1.310000	6.505909
1.310500	6.499709
1.311000	6.492889
1.311500	6.489170
1.312000	6.486690
1.312500	6.479870
1.313000	6.474291
1.313500	6.470571
1.314000	6.464991
1.314500	6.460032
1.315000	6.458171
1.315500	6.453212
1.316000	6.448252
1.316500	6.445772
1.317000	6.442052
1.317500	6.435853
1.318000	6.432133
1.318500	6.430273
1.319000	6.427794
1.319500	6.428413
1.320000	6.424074
1.320500	6.426553
1.321000	6.424074
1.321500	6.422833
1.322000	6.420354
1.322500	6.423453
1.323000	6.424074
1.323500	6.421594
1.324000	6.420974
1.324500	6.421594
1.325000	6.420354
1.325500	6.418494
1.326000	6.417874
1.326500	6.417254
1.327000	6.419734
1.327500	6.418494
1.328000	6.418494
1.328500	6.420974
1.329000	6.423453
1.329500	6.425313
1.330000	6.427794
1.330500	6.429653
1.331000	6.429653
1.331500	6.434613
1.332000	6.433993
1.332500	6.438333
1.333000	6.445152
1.333500	6.444532
1.334000	6.448252
1.334500	6.450732
1.335000	6.456312
1.335500	6.460651
1.336000	6.465611
1.336500	6.471811
1.337000	6.476770
1.337500	6.482350
1.338000	6.485450
1.338500	6.491650
1.339000	6.496609
1.339500	6.504049
1.340000	6.508389
1.340500	6.512108
1.341000	6.516448
1.341500	6.520168
1.342000	6.523268
1.342500	6.522028
1.343000	6.525128
1.343500	6.528227
1.344000	6.529468
1.344500	6.531947
1.345000	6.534427
1.345500	6.536287
1.346000	6.535667
1.346500	6.536907
1.347000	6.537527
1.347500	6.536287
1.348000	6.536287
1.348500	6.537527
1.349000	6.537527
1.349500	6.536907
1.350000	6.537527
1.350500	6.531327
1.351000	6.528848
1.351500	6.528227
1.352000	6.526368
1.352500	6.527607
1.353000	6.525748
1.353500	6.526988
1.354000	6.523888
1.354500	6.522028
1.355000	6.520788
1.355500	6.518928
1.356000	6.520788
1.356500	6.515828
1.357000	6.513968
1.357500	6.511488
1.358000	6.510869
1.358500	6.507769
1.359000	6.499709
1.359500	6.497229
1.360000	6.494130
1.360500	6.490410
1.361000	6.489790
1.361500	6.487310
1.362000	6.486690
1.362500	6.481730
1.363000	6.478631
1.363500	6.477390
1.364000	6.474291
1.364500	6.471811
1.365000	6.468091
1.365500	6.468091
1.366000	6.465611
1.366500	6.464991
1.367000	6.460651
1.367500	6.456932
1.368000	6.457551
1.368500	6.458171
1.369000	6.458171
1.369500	6.456932
1.370000	6.459412
1.370500	6.460032
1.371000	6.458792
1.371500	6.461271
1.372000	6.459412
1.372500	6.462512
1.373000	6.461891
1.373500	6.465611
1.374000	6.465611
1.374500	6.467471
1.375000	6.468091
1.375500	6.462512
1.376000	6.464371
1.376500	6.464371
1.377000	6.465611
1.377500	6.464991
1.378000	6.466231
1.378500	6.468711
1.379000	6.468091
1.379500	6.470571
1.380000	6.471191
1.380500	6.471811
1.381000	6.470571
1.381500	6.474291
1.382000	6.474911
1.382500	6.476770
1.383000	6.478011
1.383500	6.481110
1.384000	6.477390
1.384500	6.478011
1.385000	6.480490
1.385500	6.482350
1.386000	6.486070
1.386500	6.485450
1.387000	6.490410
1.387500	6.492889
1.388000	6.491030
1.388500	6.491650
1.389000	6.494130
1.389500	6.493510
1.390000	6.498469
1.390500	6.499709
1.391000	6.499089
1.391500	6.499089
1.392000	6.498469
1.392500	6.494750
1.393000	6.494750
1.393500	6.492270
1.394000	6.491030
1.394500	6.489790
1.395000	6.490410
1.395500	6.489170
1.396000	6.488550
1.396500	6.486690
1.397000	6.485450
1.397500	6.484830
1.398000	6.482970
1.398500	6.481730
1.399000	6.482350
1.399500	6.481110
1.400000	6.479870
1.400500	6.474911
1.401000	6.474911
1.401500	6.474911
1.402000	6.476151
1.402500	6.475531
1.403000	6.475531
1.403500	6.478011
1.404000	6.478631
1.404500	6.478011
1.405000	6.479250
1.405500	6.480490
1.406000	6.487310
1.406500	6.484830
1.407000	6.489170
1.407500	6.486070
1.408000	6.487930
1.408500	6.489790
1.409000	6.487310
1.409500	6.486690
1.410000	6.486690
1.410500	6.489170
1.411000	6.489790
1.411500	6.490410
1.412000	6.492889
1.412500	6.492270
1.413000	6.491650
1.413500	6.493510
1.414000	6.494130
1.414500	6.492889
1.415000	6.491650
1.415500	6.495369
1.416000	6.494750
1.416500	6.495369
1.417000	6.496609
1.417500	6.491030
1.418000	6.492889
1.418500	6.492889
1.419000	6.494130
1.419500	6.494750
1.420000	6.495369
1.420500	6.495989
1.421000	6.497849
1.421500	6.497229
1.422000	6.498469
1.422500	6.499089
1.423000	6.498469
1.423500	6.500949
1.424000	6.499089
1.424500	6.499709
1.425000	6.499709
1.425500	6.494130
1.426000	6.495369
1.426500	6.491030
1.427000	6.489790
1.427500	6.486690
1.428000	6.487310
1.428500	6.486690
1.429000	6.485450
1.429500	6.483590
1.430000	6.481110
1.430500	6.479870
1.431000	6.478631
1.431500	6.474911
1.432000	6.474911
1.432500	6.475531
1.433000	6.473051
1.433500	6.472431
1.434000	6.465611
1.434500	6.464991
1.435000	6.463751
1.435500	6.463751
1.436000	6.464991
1.436500	6.465611
1.437000	6.464991
1.437500	6.464991
1.438000	6.464991
1.438500	6.463751
1.439000	6.464991
1.439500	6.464991
1.440000	6.468711
1.440500	6.466851
1.441000	6.467471
1.441500	6.467471
1.442000	6.468711
1.442500	6.461891
1.443000	6.461891
1.443500	6.463131
1.444000	6.462512
1.444500	6.461891
1.445000	6.463131
1.445500	6.464371
1.446000	6.464991
1.446500	6.464371
1.447000	6.466851
1.447500	6.467471
1.448000	6.469331
1.448500	6.471191
1.449000	6.471191
1.449500	6.473051
1.450000	6.475531
1.450500	6.471191
1.451000	6.472431
1.451500	6.474911
1.452000	6.479870
1.452500	6.481110
1.453000	6.482970
1.453500	6.489170
1.454000	6.487930
1.454500	6.491650
1.455000	6.491650
1.455500	6.494750
1.456000	6.502189
1.456500	6.502809
1.457000	6.503429
1.457500	6.504669
1.458000	6.509629
1.458500	6.507769
1.459000	6.507149
1.459500	6.507769
1.460000	6.506529
1.460500	6.507149
1.461000	6.509629
1.461500	6.509009
1.462000	6.510249
1.462500	6.509009
1.463000	6.509629
1.463500	6.510249
1.464000	6.507769
1.464500	6.510869
1.465000	6.508389
1.465500	6.510249
1.466000	6.509009
1.466500	6.509009
1.467000	6.507769
1.467500	6.504049
1.468000	6.503429
1.468500	6.504049
1.469000	6.503429
1.469500	6.503429
1.470000	6.502189
1.470500	6.504669
1.471000	6.502189
1.471500	6.500949
1.472000	6.498469
1.472500	6.499709
1.473000	6.500329
1.473500	6.499709
1.474000	6.497229
1.474500	6.493510
1.475000	6.492889
1.475500	6.486070
1.476000	6.484210
1.476500	6.479250
1.477000	6.478011
1.477500	6.474291
1.478000	6.471191
1.478500	6.470571
1.479000	6.467471
1.479500	6.463751
1.480000	6.461271
1.480500	6.458171
1.481000	6.455072
1.481500	6.455072
1.482000	6.451972
1.482500	6.448872
1.483000	6.447632
1.483500	6.445152
1.484000	6.439573
1.484500	6.437093
1.485000	6.436473
1.485500	6.437093
1.486000	6.436473
1.486500	6.435853
1.487000	6.437093
1.487500	6.438333
1.488000	6.439573
1.488500	6.440193
1.489000	6.440813
1.489500	6.443913
1.490000	6.448252
1.490500	6.446392
1.491000	6.447632
1.491500	6.450112
1.492000	6.451352
1.492500	6.448872
1.493000	6.451352
1.493500	6.451352
1.494000	6.453212
1.494500	6.456312
1.495000	6.456932
1.495500	6.462512
1.496000	6.461271
1.496500	6.463751
1.497000	6.468711
1.497500	6.470571
1.498000	6.473670
1.498500	6.477390
1.499000	6.478631
1.499500	6.482350
1.500000	6.484830
1.500500	6.484830
1.501000	6.487930
1.501500	6.491650
1.502000	6.496609
1.502500	6.500329
1.503000	6.504669
1.503500	6.512108
1.504000	6.514588
1.504500	6.517068
1.505000	6.519548
1.505500	6.524508
1.506000	6.533187
1.506500	6.534427
1.507000	6.536287
1.507500	6.539387
1.508000	6.544347
1.508500	6.543726
1.509000	6.540627
1.509500	6.543107
1.510000	6.541867
1.510500	6.542487
1.511000	6.542487
1.511500	6.542487
1.512000	6.542487
1.512500	6.540007
1.513000	6.540627
1.513500	6.540007
1.514000	6.537527
1.514500	6.535047
1.515000	6.533807
1.515500	6.532568
1.516000	6.528848
1.516500	6.527607
1.517000	6.525128
1.517500	6.517068
1.518000	6.512728
1.518500	6.509629
1.519000	6.505909
1.519500	6.502809
1.520000	6.499709
1.520500	6.497229
1.521000	6.492889
1.521500	6.487930
1.522000	6.482970
1.522500	6.479250
1.523000	6.477390
1.523500	6.472431
1.524000	6.466851
1.524500	6.464371
1.525000	6.459412
1.525500	6.450732
1.526000	6.446392
1.526500	6.439573
1.527000	6.434613
1.527500	6.430273
1.528000	6.425933
1.528500	6.422214
1.529000	6.419734
1.529500	6.414774
1.530000	6.411674
1.530500	6.408575
1.531000	6.402375
1.531500	6.402375
1.532000	6.400515
1.532500	6.396175
1.533000	6.396175
1.533500	6.394315
1.534000	6.389356
1.534500	6.391215
1.535000	6.389976
1.535500	6.392455
1.536000	6.393695
1.536500	6.394935
1.537000	6.397415
1.537500	6.401755
1.538000	6.403615
1.538500	6.405475
1.539000	6.413534
1.539500	6.418494
1.540000	6.422214
1.540500	6.427794
1.541000	6.431513
1.541500	6.437093
1.542000	6.442672
1.542500	6.443913
1.543000	6.449492
1.543500	6.455692
1.544000	6.458792
1.544500	6.466851
1.545000	6.471191
1.545500	6.478011
1.546000	6.482350
1.546500	6.487930
1.547000	6.495989
1.547500	6.500329
1.548000	6.506529
1.548500	6.512108
1.549000	6.517688
1.549500	6.525748
1.550000	6.531327
1.550500	6.532568
1.551000	6.535667
1.551500	6.543726
1.552000	6.547446
1.552500	6.554886
1.553000	6.558606
1.553500	6.566045
1.554000	6.571005
1.554500	6.572245
1.555000	6.577205
1.555500	6.578444
1.556000	6.584644
1.556500	6.586504
1.557000	6.587744
1.557500	6.587744
1.558000	6.589604
1.558500	6.590224
1.559000	6.584024
1.559500	6.582785
1.560000	6.581544
1.560500	6.577825
1.561000	6.575965
1.561500	6.572245
1.562000	6.569145
1.562500	6.566045
1.563000	6.562325
1.563500	6.556126
1.564000	6.552406
1.564500	6.548687
1.565000	6.541247
1.565500	6.537527
1.566000	6.531947
1.566500	6.526368
1.567000	6.519548
1.567500	6.509629
1.568000	6.503429
1.568500	6.498469
1.569000	6.494750
1.569500	6.486690
1.570000	6.482350
1.570500	6.478011
1.571000	6.471811
1.571500	6.464991
1.572000	6.460651
1.572500	6.456312
1.573000	6.452592
1.573500	6.446392
1.574000	6.440193
1.574500	6.437093
1.575000	6.432133
1.575500	6.422833
1.576000	6.418494
1.576500	6.415394
1.577000	6.408575
1.577500	6.404855
1.578000	6.401135
1.578500	6.399895
1.579000	6.398655
1.579500	6.393695
1.580000	6.393075
1.580500	6.390595
1.581000	6.386876
1.581500	6.389356
1.582000	6.389976
1.582500	6.388115
1.583000	6.391215
1.583500	6.394315
1.584000	6.392455
1.584500	6.394315
1.585000	6.398655
1.585500	6.402995
1.586000	6.409194
1.586500	6.411674
1.587000	6.420974
1.587500	6.424694
1.588000	6.430893
1.588500	6.436473
1.589000	6.444532
1.589500	6.453212
1.590000	6.463751
1.590500	6.469331
1.591000	6.476151
1.591500	6.484830
1.592000	6.491030
1.592500	6.494130
1.593000	6.500949
1.593500	6.505289
1.594000	6.513968
1.594500	6.521408
1.595000	6.525748
1.595500	6.534427
1.596000	6.540007
1.596500	6.545587
1.597000	6.548687
1.597500	6.553026
1.598000	6.556126
1.598500	6.560466
1.599000	6.564806
1.599500	6.567286
1.600000	6.570385
1.600500	6.567286
1.601000	6.569145
1.601500	6.571005
1.602000	6.573485
1.602500	6.573485
1.603000	6.574725
1.603500	6.577205
1.604000	6.575965
1.604500	6.574725
1.605000	6.573485
1.605500	6.572245
1.606000	6.574105
1.606500	6.569145
1.607000	6.566045
1.607500	6.561086
1.608000	6.557366
1.608500	6.553646
1.609000	6.543726
1.609500	6.538767
1.610000	6.535047
1.610500	6.527607
1.611000	6.520788
1.611500	6.515208
1.612000	6.509629
1.612500	6.503429
1.613000	6.496609
1.613500	6.489790
1.614000	6.481730
1.614500	6.476151
1.615000	6.469331
1.615500	6.463131
1.616000	6.457551
1.616500	6.450732
1.617000	6.444532
1.617500	6.436473
1.618000	6.428413
1.618500	6.424074
1.619000	6.420354
1.619500	6.415394
1.620000	6.411054
1.620500	6.409194
1.621000	6.403615
1.621500	6.401755
1.622000	6.395555
1.622500	6.393695
1.623000	6.392455
1.623500	6.389356
1.624000	6.388115
1.624500	6.385636
1.625000	6.382536
1.625500	6.377576
1.626000	6.377576
1.626500	6.375716
1.627000	6.374476
1.627500	6.375716
1.628000	6.377576
1.628500	6.378196
1.629000	6.378816
1.629500	6.381296
1.630000	6.383156
1.630500	6.388115
1.631000	6.389976
1.631500	6.394315
1.632000	6.399895
1.632500	6.403615
1.633000	6.409814
1.633500	6.415394
1.634000	6.419734
1.634500	6.426553
1.635000	6.434613
1.635500	6.442052
1.636000	6.453212
1.636500	6.458792
1.637000	6.469331
1.637500	6.478631
1.638000	6.486690
1.638500	6.495989
1.639000	6.502809
1.639500	6.514588
1.640000	6.524508
1.640500	6.533187
1.641000	6.538147
1.641500	6.546826
1.642000	6.553646
1.642500	6.556746
1.643000	6.562325
1.643500	6.566665
1.644000	6.570385
1.644500	6.574105
1.645000	6.577825
1.645500	6.582164
1.646000	6.584644
1.646500	6.586504
1.647000	6.587124
1.647500	6.588364
1.648000	6.588984
1.648500	6.587744
1.649000	6.587744
1.649500	6.587124
1.650000	6.587124
1.650500	6.579685
1.651000	6.579685
1.651500	6.576585
1.652000	6.576585
1.652500	6.574105
1.653000	6.571005
1.653500	6.571625
1.654000	6.566045
1.654500	6.563566
1.655000	6.558606
1.655500	6.555506
1.656000	6.556746
1.656500	6.549926
1.657000	6.544967
1.657500	6.541867
1.658000	6.537527
1.658500	6.531947
1.659000	6.519548
1.659500	6.516448
1.660000	6.511488
1.660500	6.502809
1.661000	6.498469
1.661500	6.491650
1.662000	6.485450
1.662500	6.481110
1.663000	6.475531
1.663500	6.469331
1.664000	6.461271
1.664500	6.456312
1.665000	6.449492
1.665500	6.444532
1.666000	6.438952
1.666500	6.434613
1.667000	6.430893
1.667500	6.422214
1.668000	6.417874
1.668500	6.413534
1.669000	6.412294
1.669500	6.410434
1.670000	6.406714
1.670500	6.402995
1.671000	6.405475
1.671500	6.402995
1.672000	6.404234
1.672500	6.404855
1.673000	6.402995
1.673500	6.406095
1.674000	6.406095
1.674500	6.410434
1.675000	6.410434
1.675500	6.410434
1.676000	6.410434
1.676500	6.414774
1.677000	6.415394
1.677500	6.418494
1.678000	6.423453
1.678500	6.427173
1.679000	6.430893
1.679500	6.434613
1.680000	6.438333
1.680500	6.443293
1.681000	6.445772
1.681500	6.451972
1.682000	6.456932
1.682500	6.461271
1.683000	6.468091
1.683500	6.473051
1.684000	6.473051
1.684500	6.477390
1.685000	6.483590
1.685500	6.488550
1.686000	6.494750
1.686500	6.497849
1.687000	6.503429
1.687500	6.509009
1.688000	6.511488
1.688500	6.515828
1.689000	6.520788
1.689500	6.528227
1.690000	6.530707
1.690500	6.530707
1.691000	6.531947
1.691500	6.536287
1.692000	6.538767
1.692500	6.533807
1.693000	6.532568
1.693500	6.534427
1.694000	6.533187
1.694500	6.535047
1.695000	6.532568
1.695500	6.531327
1.696000	6.529468
1.696500	6.528227
1.697000	6.526368
1.697500	6.523268
1.698000	6.521408
1.698500	6.517688
1.699000	6.513968
1.699500	6.513349
1.700000	6.510869
1.700500	6.502809
1.701000	6.497849
1.701500	6.496609
1.702000	6.497849
1.702500	6.494130
1.703000	6.491030
1.703500	6.490410
1.704000	6.486690
1.704500	6.486070
1.705000	6.484210
1.705500	6.481110
1.706000	6.484210
1.706500	6.479870
1.707000	6.478631
1.707500	6.476770
1.708000	6.475531
1.708500	6.474291
1.709000	6.465611
1.709500	6.464371
1.710000	6.460651
1.710500	6.456932
1.711000	6.455072
1.711500	6.454452
1.712000	6.451972
1.712500	6.450732
1.713000	6.445772
1.713500	6.445772
1.714000	6.442672
1.714500	6.442672
1.715000	6.440813
1.715500	6.439573
1.716000	6.438333
1.716500	6.439573
1.717000	6.439573
1.717500	6.432133
1.718000	6.435233
1.718500	6.435853
1.719000	6.438333
1.719500	6.437713
1.720000	6.441432
1.720500	6.445152
1.721000	6.446392
1.721500	6.450112
1.722000	6.450732
1.722500	6.455692
1.723000	6.461891
1.723500	6.463131
1.724000	6.466231
1.724500	6.470571
1.725000	6.472431
1.725500	6.472431
1.726000	6.474911
1.726500	6.475531
1.727000	6.478011
1.727500	6.481110
1.728000	6.485450
1.728500	6.487310
1.729000	6.489170
1.729500	6.490410
1.730000	6.492270
1.730500	6.497229
1.731000	6.497229
1.731500	6.498469
1.732000	6.501569
1.732500	6.503429
1.733000	6.506529
1.733500	6.509629
1.734000	6.507149
1.734500	6.509009
1.735000	6.510249
1.735500	6.515208
1.736000	6.517688
1.736500	6.515828
1.737000	6.521408
1.737500	6.524508
1.738000	6.522028
1.738500	6.524508
1.739000	6.526988
1.739500	6.529468
1.740000	6.531327
1.740500	6.531327
1.741000	6.531327
1.741500	6.531327
1.742000	6.532568
1.742500	6.526368
1.743000	6.525748
1.743500	6.523888
1.744000	6.522648
1.744500	6.521408
1.745000	6.518308
1.745500	6.517688
1.746000	6.515828
1.746500	6.513349
1.747000	6.509629
1.747500	6.510249
1.748000	6.505909
1.748500	6.504669
1.749000	6.503429
1.749500	6.498469
1.750000	6.497849
1.750500	6.491650
1.751000	6.487930
1.751500	6.489170
1.752000	6.486690
1.752500	6.486070
1.753000	6.484210
1.753500	6.485450
1.754000	6.484830
1.754500	6.481730
1.755000	6.482970
1.755500	6.479870
1.756000	6.484830
1.756500	6.480490
1.757000	6.480490
1.757500	6.481730
1.758000	6.479250
1.758500	6.477390
1.759000	6.474291
1.759500	6.473051
1.760000	6.470571
1.760500	6.468091
1.761000	6.468711
1.761500	6.469331
1.762000	6.468091
1.762500	6.465611
1.763000	6.464371
1.763500	6.463131
1.764000	6.461891
1.764500	6.461271
1.765000	6.460651
1.765500	6.461271
1.766000	6.459412
1.766500	6.458171
1.767000	6.456932
1.767500	6.453212
1.768000	6.451972
1.768500	6.453212
1.769000	6.453832
1.769500	6.454452
1.770000	6.456932
1.770500	6.459412
1.771000	6.459412
1.771500	6.460651
1.772000	6.461891
1.772500	6.464371
1.773000	6.466851
1.773500	6.468091
1.774000	6.468711
1.774500	6.471191
1.775000	6.470571
1.775500	6.468091
1.776000	6.469331
1.776500	6.469331
1.777000	6.468091
1.777500	6.468711
1.778000	6.471191
1.778500	6.470571
1.779000	6.471191
1.779500	6.469951
1.780000	6.470571
1.780500	6.469331
1.781000	6.468711
1.781500	6.470571
1.782000	6.468711
1.782500	6.469331
1.783000	6.469331
1.783500	6.467471
1.784000	6.464371
1.784500	6.466231
1.785000	6.466231
1.785500	6.465611
1.786000	6.467471
1.786500	6.467471
1.787000	6.469331
1.787500	6.469951
1.788000	6.471191
1.788500	6.471811
1.789000	6.472431
1.789500	6.476151
1.790000	6.478631
1.790500	6.477390
1.791000	6.478631
1.791500	6.479250
1.792000	6.481110
1.792500	6.476770
1.793000	6.477390
1.793500	6.478011
1.794000	6.478011
1.794500	6.476770
1.795000	6.480490
1.795500	6.479250
1.796000	6.478631
1.796500	6.481110
1.797000	6.482350
1.797500	6.483590
1.798000	6.484210
1.798500	6.484830
1.799000	6.486070
1.799500	6.487930
1.800000	6.491650
1.800500	6.485450
1.801000	6.488550
1.801500	6.489170
1.802000	6.492889
1.802500	6.496609
1.803000	6.497229
1.803500	6.504049
1.804000	6.503429
1.804500	6.505909
1.805000	6.507149
1.805500	6.509009
1.806000	6.517688
1.806500	6.516448
1.807000	6.518928
1.807500	6.520168
1.808000	6.520168
1.808500	6.520788
1.809000	6.517068
1.809500	6.517068
1.810000	6.516448
1.810500	6.515208
1.811000	6.513968
1.811500	6.515828
1.812000	6.513968
1.812500	6.511488
1.813000	6.511488
1.813500	6.508389
1.814000	6.507769
1.814500	6.502809
1.815000	6.503429
1.815500	6.498469
1.816000	6.496609
1.816500	6.494130
1.817000	6.491650
1.817500	6.485450
1.818000	6.482350
1.818500	6.481730
1.819000	6.481730
1.819500	6.476151
1.820000	6.478011
1.820500	6.475531
1.821000	6.474291
1.821500	6.473670
1.822000	6.471811
1.822500	6.469951
1.823000	6.470571
1.823500	6.469951
1.824000	6.468091
1.824500	6.468091
1.825000	6.468711
1.825500	6.461271
1.826000	6.461891
1.826500	6.459412
1.827000	6.456932
1.827500	6.455072
1.828000	6.455692
1.828500	6.453212
1.829000	6.452592
1.829500	6.450732
1.830000	6.450112
1.830500	6.448872
1.831000	6.448872
1.831500	6.450112
1.832000	6.448872
1.832500	6.448252
1.833000	6.448252
1.833500	6.450112
1.834000	6.447012
1.834500	6.447632
1.835000	6.448872
1.835500	6.452592
1.836000	6.455072
1.836500	6.455692
1.837000	6.459412
1.837500	6.463131
1.838000	6.464991
1.838500	6.468711
1.839000	6.473670
1.839500	6.480490
1.840000	6.483590
1.840500	6.486690
1.841000	6.489790
1.841500	6.494130
1.842000	6.497849
1.842500	6.497229
1.843000	6.499089
1.843500	6.502809
1.844000	6.505289
1.844500	6.509629
1.845000	6.511488
1.845500	6.516448
1.846000	6.518928
1.846500	6.522648
1.847000	6.522648
1.847500	6.526368
1.848000	6.528848
1.848500	6.530707
1.849000	6.530087
1.849500	6.531947
1.850000	6.533807
1.850500	6.529468
1.851000	6.531947
1.851500	6.530707
1.852000	6.531327
1.852500	6.532568
1.853000	6.534427
1.853500	6.535667
1.854000	6.535047
1.854500	6.535047
1.855000	6.533187
1.855500	6.533187
1.856000	6.536287
1.856500	6.534427
1.857000	6.532568
1.857500	6.530087
1.858000	6.526988
1.858500	6.523888
1.859000	6.520168
1.859500	6.515208
1.860000	6.512108
1.860500	6.508389
1.861000	6.505289
1.861500	6.500949
1.862000	6.497229
1.862500	6.492889
1.863000	6.489170
1.863500	6.484210
1.864000	6.481110
1.864500	6.476770
1.865000	6.472431
1.865500	6.466851
1.866000	6.464371
1.866500	6.458792
1.867000	6.455072
1.867500	6.447012
1.868000	6.443913
1.868500	6.439573
1.869000	6.437093
1.869500	6.433373
1.870000	6.432133
1.870500	6.429033
1.871000	6.427794
1.871500	6.425933
1.872000	6.425933
1.872500	6.424694
1.873000	6.422214
1.873500	6.422214
1.874000	6.424694
1.874500	6.423453
1.875000	6.423453
1.875500	6.419734
1.876000	6.419734
1.876500	6.419734
1.877000	6.420354
1.877500	6.421594
1.878000	6.420974
1.878500	6.423453
1.879000	6.427794
1.879500	6.427173
1.880000	6.430893
1.880500	6.429653
1.881000	6.436473
1.881500	6.437093
1.882000	6.442052
1.882500	6.444532
1.883000	6.447012
1.883500	6.451352
1.884000	6.449492
1.884500	6.456312
1.885000	6.458792
1.885500	6.464991
1.886000	6.471191
1.886500	6.473670
1.887000	6.482350
1.887500	6.486690
1.888000	6.492270
1.888500	6.495989
1.889000	6.502189
1.889500	6.507149
1.890000	6.516448
1.890500	6.517068
1.891000	6.521408
1.891500	6.525748
1.892000	6.529468
1.892500	6.529468
1.893000	6.531947
1.893500	6.534427
1.894000	6.535667
1.894500	6.538767
1.895000	6.538767
1.895500	6.541867
1.896000	6.540627
1.896500	6.543726
1.897000	6.544967
1.897500	6.543107
1.898000	6.542487
1.898500	6.544347
1.899000	6.542487
1.899500	6.543726
1.900000	6.542487
1.900500	6.537527
1.901000	6.536287
1.901500	6.534427
1.902000	6.536287
1.902500	6.536287
1.903000	6.533187
1.903500	6.534427
1.904000	6.534427
1.904500	6.530707
1.905000	6.528227
1.905500	6.526368
1.906000	6.530087
1.906500	6.525748
1.907000	6.524508
1.907500	6.520168
1.908000	6.517688
1.908500	6.515208
1.909000	6.507769
1.909500	6.501569
1.910000	6.499089
1.910500	6.493510
1.911000	6.489170
1.911500	6.483590
1.912000	6.478011
1.912500	6.474911
1.913000	6.470571
1.913500	6.465611
1.914000	6.459412
1.914500	6.454452
1.915000	6.450112
1.915500	6.446392
1.916000	6.442052
1.916500	6.438952
1.917000	6.434613
1.917500	6.427173
1.918000	6.422833
1.918500	6.422214
1.919000	6.420354
1.919500	6.417254
1.920000	6.418494
1.920500	6.416634
1.921000	6.418494
1.921500	6.419114
1.922000	6.419114
1.922500	6.422214
1.923000	6.423453
1.923500	6.424694
1.924000	6.427794
1.924500	6.432753
1.925000	6.434613
1.925500	6.433993
1.926000	6.434613
1.926500	6.439573
1.927000	6.442672
1.927500	6.445152
1.928000	6.449492
1.928500	6.453212
1.929000	6.457551
1.929500	6.461271
1.930000	6.465611
1.930500	6.469331
1.931000	6.470571
1.931500	6.474911
1.932000	6.479250
1.932500	6.481110
1.933000	6.487310
1.933500	6.489170
1.934000	6.489790
1.934500	6.491030
1.935000	6.495369
1.935500	6.497229
1.936000	6.504049
1.936500	6.504049
1.937000	6.508389
1.937500	6.513968
1.938000	6.515828
1.938500	6.519548
1.939000	6.522028
1.939500	6.528227
1.940000	6.530707
1.940500	6.534427
1.941000	6.535047
1.941500	6.538147
1.942000	6.540007
1.942500	6.537527
1.943000	6.538147
1.943500	6.539387
1.944000	6.541247
1.944500	6.543107
1.945000	6.544347
1.945500	6.543726
1.946000	6.542487
1.946500	6.543726
1.947000	6.543107
1.947500	6.541247
1.948000	6.540007
1.948500	6.538767
1.949000	6.537527
1.949500	6.535667
1.950000	6.533807
1.950500	6.526988
1.951000	6.522648
1.951500	6.519548
1.952000	6.518308
1.952500	6.513968
1.953000	6.510249
1.953500	6.507769
1.954000	6.505909
1.954500	6.500329
1.955000	6.495369
1.955500	6.492270
1.956000	6.491030
1.956500	6.488550
1.957000	6.481730
1.957500	6.478631
1.958000	6.474911
1.958500	6.469951
1.959000	6.463131
1.959500	6.458171
1.960000	6.455072
1.960500	6.448872
1.961000	6.445152
1.961500	6.442052
1.962000	6.438333
1.962500	6.437093
1.963000	6.432753
1.963500	6.429653
1.964000	6.428413
1.964500	6.424074
1.965000	6.422833
1.965500	6.423453
1.966000	6.420974
1.966500	6.420974
1.967000	6.418494
1.967500	6.415394
1.968000	6.416014
1.968500	6.414774
1.969000	6.417874
1.969500	6.417254
1.970000	6.421594
1.970500	6.424074
1.971000	6.426553
1.971500	6.427173
1.972000	6.430273
1.972500	6.432753
1.973000	6.437713
1.973500	6.440193
1.974000	6.445152
1.974500	6.446392
1.975000	6.450732
1.975500	6.449492
1.976000	6.452592
1.976500	6.455072
1.977000	6.456932
1.977500	6.460032
1.978000	6.461891
1.978500	6.463751
1.979000	6.468711
1.979500	6.473051
1.980000	6.476770
1.980500	6.476770
1.981000	6.480490
1.981500	6.486690
1.982000	6.487930
1.982500	6.492270
1.983000	6.495369
1.983500	6.495989
1.984000	6.495369
1.984500	6.498469
1.985000	6.500329
1.985500	6.505289
1.986000	6.510249
1.986500	6.511488
1.987000	6.515828
1.987500	6.518928
1.988000	6.518308
1.988500	6.521408
1.989000	6.526368
1.989500	6.530087
1.990000	6.531327
1.990500	6.532568
1.991000	6.535047
1.991500	6.535667
1.992000	6.537527
1.992500	6.531947
1.993000	6.530707
1.993500	6.533187
1.994000	6.530087
1.994500	6.529468
1.995000	6.528227
1.995500	6.528227
1.996000	6.525128
1.996500	6.523268
1.997000	6.521408
1.997500	6.518928
1.998000	6.516448
1.998500	6.515208
1.999000	6.511488
1.999500	6.510249
2.000000	6.505909
END DATA