0 6847
1 4333
2 2632
3 1672
4 1047
5 1154
6 1633
7 2735
8 4380
9 6745
10 10144
11 14619
12 20109
13 27137
14 35216
15 44201
16 54004
17 65184
18 75477
19 86338
20 96275
21 104909
22 111944
23 116999
24 119292
25 120029
26 117005
27 111896
28 105582
29 96627
30 86643
31 76201
32 65104
33 54228
34 44145
35 35159
36 27283
37 20231
38 14539
39 10228
0 49891
1 49908
2 49622
3 49789
4 50129
5 50032
6 50206
7 49800
8 50310
9 49983
10 49863
11 49889
12 49799
13 49957
14 50273
15 50242
16 50103
17 50020
18 49734
19 50037
20 50086
21 49981
22 49911
23 49827
24 50056
25 50099
26 49369
27 50426
28 50280
29 49863
30 49535
31 50478
32 49917
33 50040
34 50244
35 50142
36 49900
37 50190
38 49968
39 49649
0 49663
1 50108
2 50363
3 50148
4 49727
5 50168
6 50357
7 49540
8 49299
9 50608
10 49938
11 50043
12 50404
13 49799
14 49683
15 50211
16 49799
17 49513
18 50372
19 50164
20 50043
21 50374
22 49561
23 49755
24 50009
25 49796
26 49643
27 50518
28 49861
29 50089
30 50627
31 49194
32 49611
33 50343
34 50280
35 49632
36 50205
37 50332
38 50074
39 49752
